/*--------------------------------*- C++ -*----------------------------------*\
| =========                 |                                                 |
| \\      /  F ield         | OpenFOAM: The Open Source CFD Toolbox           |
|  \\    /   O peration     | Version:  2.4.0                                 |
|   \\  /    A nd           | Web:      www.OpenFOAM.org                      |
|    \\/     M anipulation  |                                                 |
\*---------------------------------------------------------------------------*/
FoamFile
{
    version     2.0;
    format      ascii;
    class       faceSet;
    location    "constant/polyMesh/sets";
    object      nonOrthoFaces;
}
// * * * * * * * * * * * * * * * * * * * * * * * * * * * * * * * * * * * * * //


336
(
73873 
73876 
73879 
73882 
73885 
73888 
73890 
73893 
73896 
73899 
73902 
73905 
73908 
73910 
110784 
110787 
110790 
110793 
110796 
110799 
110801 
74005 
74007 
74009 
74011 
74013 
74015 
74016 
74018 
74020 
74022 
74024 
74026 
74028 
74029 
110916 
110917 
110919 
110920 
110922 
110923 
110925 
110926 
110928 
110929 
110931 
110932 
110933 
110934 
111049 
111051 
111053 
111055 
111057 
111059 
111060 
74971 
74972 
74974 
74975 
74977 
74978 
74980 
74981 
74983 
74984 
74986 
74987 
74988 
74989 
74991 
74992 
74994 
74995 
74997 
74998 
75000 
75001 
75003 
75004 
75006 
75007 
75008 
75009 
116195 
116197 
116199 
116201 
116203 
116205 
116206 
116308 
116311 
116314 
116317 
116320 
116323 
116325 
116328 
116330 
116332 
116334 
116336 
116338 
116339 
116406 
116408 
116410 
116412 
116414 
116416 
116417 
133183 
133184 
133186 
133187 
133189 
133190 
133192 
133193 
133195 
133196 
133198 
133199 
133200 
133201 
120915 
120918 
120921 
120924 
120927 
120930 
120932 
120935 
120936 
120938 
120939 
120941 
120942 
120944 
120945 
120947 
120948 
120950 
120951 
120952 
120953 
120955 
120957 
120959 
120961 
120963 
120965 
120966 
157879 
157880 
157882 
157883 
157885 
157886 
157888 
157889 
157891 
157892 
133316 
133317 
100549 
157894 
100550 
157895 
133319 
157896 
133320 
100552 
157897 
100553 
133322 
157899 
133323 
100555 
157900 
100556 
133325 
157902 
133326 
100558 
157903 
100559 
133328 
157905 
133329 
100561 
157906 
100562 
133331 
157908 
133332 
100564 
157909 
133333 
100565 
133334 
100566 
157911 
100567 
157912 
100569 
157914 
100570 
157915 
157916 
100572 
157917 
100573 
100575 
100576 
100578 
100579 
100581 
100582 
100584 
100585 
100586 
100587 
146183 
146185 
146187 
146189 
146191 
146193 
146194 
146296 
146299 
146302 
146305 
146308 
146311 
146313 
146316 
146318 
146320 
146322 
146324 
146326 
146327 
76735 
76736 
76738 
76739 
76741 
76742 
76744 
76745 
76747 
76748 
76750 
76751 
76752 
76753 
146394 
146396 
146398 
146400 
146402 
146404 
146405 
76868 
76869 
76871 
76872 
76874 
76875 
76877 
76878 
117840 
76880 
76881 
117843 
76883 
76884 
76885 
117846 
76886 
117849 
117852 
117855 
117857 
117972 
117973 
117975 
117976 
117978 
117979 
117981 
117982 
117984 
117985 
117987 
117988 
117989 
117990 
118105 
118107 
118109 
118111 
118113 
118115 
118116 
32635 
32636 
32638 
32639 
32641 
32642 
32644 
32645 
32647 
32648 
32650 
32651 
32652 
32653 
32655 
32656 
32658 
32659 
32661 
32662 
32664 
32665 
32667 
32668 
32670 
32671 
32672 
32673 
)

// ************************************************************************* //
