/*--------------------------------*- C++ -*----------------------------------*\
| =========                 |                                                 |
| \\      /  F ield         | OpenFOAM: The Open Source CFD Toolbox           |
|  \\    /   O peration     | Version:  2.4.0                                 |
|   \\  /    A nd           | Web:      www.OpenFOAM.org                      |
|    \\/     M anipulation  |                                                 |
\*---------------------------------------------------------------------------*/
FoamFile
{
    version     2.0;
    format      ascii;
    class       cellSet;
    location    "constant/polyMesh/sets";
    object      region106;
}
// * * * * * * * * * * * * * * * * * * * * * * * * * * * * * * * * * * * * * //


343
(
36358 
36359 
36360 
36361 
36362 
36363 
36364 
36365 
36366 
36367 
36368 
36369 
36370 
36371 
36372 
36373 
36374 
36375 
36376 
36377 
36378 
36379 
36380 
36381 
36382 
36383 
36384 
36385 
36386 
36387 
36388 
36389 
36390 
36391 
36392 
36393 
36394 
36395 
36396 
36397 
36398 
36399 
36400 
36401 
36402 
36403 
36404 
36405 
36406 
36407 
36408 
36409 
36410 
36411 
36412 
36413 
36414 
36415 
36416 
36417 
36418 
36419 
36420 
36421 
36422 
36423 
36424 
36425 
36426 
36427 
36428 
36429 
36430 
36431 
36432 
36433 
36434 
36435 
36436 
36437 
36438 
36439 
36440 
36441 
36442 
36443 
36444 
36445 
36446 
36447 
36448 
36449 
36450 
36451 
36452 
36453 
36454 
36455 
36456 
36457 
36458 
36459 
36460 
36461 
36462 
36463 
36464 
36465 
36466 
36467 
36468 
36469 
36470 
36471 
36472 
36473 
36474 
36475 
36476 
36477 
36478 
36479 
36480 
36481 
36482 
36483 
36484 
36485 
36486 
36487 
36488 
36489 
36490 
36491 
36492 
36493 
36494 
36495 
36496 
36497 
36498 
36499 
36500 
36501 
36502 
36503 
36504 
36505 
36506 
36507 
36508 
36509 
36510 
36511 
36512 
36513 
36514 
36515 
36516 
36517 
36518 
36519 
36520 
36521 
36522 
36523 
36524 
36525 
36526 
36527 
36528 
36529 
36530 
36531 
36532 
36533 
36534 
36535 
36536 
36537 
36538 
36539 
36540 
36541 
36542 
36543 
36544 
36545 
36546 
36547 
36548 
36549 
36550 
36551 
36552 
36553 
36554 
36555 
36556 
36557 
36558 
36559 
36560 
36561 
36562 
36563 
36564 
36565 
36566 
36567 
36568 
36569 
36570 
36571 
36572 
36573 
36574 
36575 
36576 
36577 
36578 
36579 
36580 
36581 
36582 
36583 
36584 
36585 
36586 
36587 
36588 
36589 
36590 
36591 
36592 
36593 
36594 
36595 
36596 
36597 
36598 
36599 
36600 
36601 
36602 
36603 
36604 
36605 
36606 
36607 
36608 
36609 
36610 
36611 
36612 
36613 
36614 
36615 
36616 
36617 
36618 
36619 
36620 
36621 
36622 
36623 
36624 
36625 
36626 
36627 
36628 
36629 
36630 
36631 
36632 
36633 
36634 
36635 
36636 
36637 
36638 
36639 
36640 
36641 
36642 
36643 
36644 
36645 
36646 
36647 
36648 
36649 
36650 
36651 
36652 
36653 
36654 
36655 
36656 
36657 
36658 
36659 
36660 
36661 
36662 
36663 
36664 
36665 
36666 
36667 
36668 
36669 
36670 
36671 
36672 
36673 
36674 
36675 
36676 
36677 
36678 
36679 
36680 
36681 
36682 
36683 
36684 
36685 
36686 
36687 
36688 
36689 
36690 
36691 
36692 
36693 
36694 
36695 
36696 
36697 
36698 
36699 
36700 
)

// ************************************************************************* //
