/*--------------------------------*- C++ -*----------------------------------*\
| =========                 |                                                 |
| \\      /  F ield         | OpenFOAM: The Open Source CFD Toolbox           |
|  \\    /   O peration     | Version:  2.4.0                                 |
|   \\  /    A nd           | Web:      www.OpenFOAM.org                      |
|    \\/     M anipulation  |                                                 |
\*---------------------------------------------------------------------------*/
FoamFile
{
    version     2.0;
    format      ascii;
    class       cellSet;
    location    "constant/polyMesh/sets";
    object      region118;
}
// * * * * * * * * * * * * * * * * * * * * * * * * * * * * * * * * * * * * * //


343
(
40474 
40475 
40476 
40477 
40478 
40479 
40480 
40481 
40482 
40483 
40484 
40485 
40486 
40487 
40488 
40489 
40490 
40491 
40492 
40493 
40494 
40495 
40496 
40497 
40498 
40499 
40500 
40501 
40502 
40503 
40504 
40505 
40506 
40507 
40508 
40509 
40510 
40511 
40512 
40513 
40514 
40515 
40516 
40517 
40518 
40519 
40520 
40521 
40522 
40523 
40524 
40525 
40526 
40527 
40528 
40529 
40530 
40531 
40532 
40533 
40534 
40535 
40536 
40537 
40538 
40539 
40540 
40541 
40542 
40543 
40544 
40545 
40546 
40547 
40548 
40549 
40550 
40551 
40552 
40553 
40554 
40555 
40556 
40557 
40558 
40559 
40560 
40561 
40562 
40563 
40564 
40565 
40566 
40567 
40568 
40569 
40570 
40571 
40572 
40573 
40574 
40575 
40576 
40577 
40578 
40579 
40580 
40581 
40582 
40583 
40584 
40585 
40586 
40587 
40588 
40589 
40590 
40591 
40592 
40593 
40594 
40595 
40596 
40597 
40598 
40599 
40600 
40601 
40602 
40603 
40604 
40605 
40606 
40607 
40608 
40609 
40610 
40611 
40612 
40613 
40614 
40615 
40616 
40617 
40618 
40619 
40620 
40621 
40622 
40623 
40624 
40625 
40626 
40627 
40628 
40629 
40630 
40631 
40632 
40633 
40634 
40635 
40636 
40637 
40638 
40639 
40640 
40641 
40642 
40643 
40644 
40645 
40646 
40647 
40648 
40649 
40650 
40651 
40652 
40653 
40654 
40655 
40656 
40657 
40658 
40659 
40660 
40661 
40662 
40663 
40664 
40665 
40666 
40667 
40668 
40669 
40670 
40671 
40672 
40673 
40674 
40675 
40676 
40677 
40678 
40679 
40680 
40681 
40682 
40683 
40684 
40685 
40686 
40687 
40688 
40689 
40690 
40691 
40692 
40693 
40694 
40695 
40696 
40697 
40698 
40699 
40700 
40701 
40702 
40703 
40704 
40705 
40706 
40707 
40708 
40709 
40710 
40711 
40712 
40713 
40714 
40715 
40716 
40717 
40718 
40719 
40720 
40721 
40722 
40723 
40724 
40725 
40726 
40727 
40728 
40729 
40730 
40731 
40732 
40733 
40734 
40735 
40736 
40737 
40738 
40739 
40740 
40741 
40742 
40743 
40744 
40745 
40746 
40747 
40748 
40749 
40750 
40751 
40752 
40753 
40754 
40755 
40756 
40757 
40758 
40759 
40760 
40761 
40762 
40763 
40764 
40765 
40766 
40767 
40768 
40769 
40770 
40771 
40772 
40773 
40774 
40775 
40776 
40777 
40778 
40779 
40780 
40781 
40782 
40783 
40784 
40785 
40786 
40787 
40788 
40789 
40790 
40791 
40792 
40793 
40794 
40795 
40796 
40797 
40798 
40799 
40800 
40801 
40802 
40803 
40804 
40805 
40806 
40807 
40808 
40809 
40810 
40811 
40812 
40813 
40814 
40815 
40816 
)

// ************************************************************************* //
