/*--------------------------------*- C++ -*----------------------------------*\
| =========                 |                                                 |
| \\      /  F ield         | OpenFOAM: The Open Source CFD Toolbox           |
|  \\    /   O peration     | Version:  2.4.0                                 |
|   \\  /    A nd           | Web:      www.OpenFOAM.org                      |
|    \\/     M anipulation  |                                                 |
\*---------------------------------------------------------------------------*/
FoamFile
{
    version     2.0;
    format      ascii;
    class       cellSet;
    location    "constant/polyMesh/sets";
    object      region87;
}
// * * * * * * * * * * * * * * * * * * * * * * * * * * * * * * * * * * * * * //


343
(
29841 
29842 
29843 
29844 
29845 
29846 
29847 
29848 
29849 
29850 
29851 
29852 
29853 
29854 
29855 
29856 
29857 
29858 
29859 
29860 
29861 
29862 
29863 
29864 
29865 
29866 
29867 
29868 
29869 
29870 
29871 
29872 
29873 
29874 
29875 
29876 
29877 
29878 
29879 
29880 
29881 
29882 
29883 
29884 
29885 
29886 
29887 
29888 
29889 
29890 
29891 
29892 
29893 
29894 
29895 
29896 
29897 
29898 
29899 
29900 
29901 
29902 
29903 
29904 
29905 
29906 
29907 
29908 
29909 
29910 
29911 
29912 
29913 
29914 
29915 
29916 
29917 
29918 
29919 
29920 
29921 
29922 
29923 
29924 
29925 
29926 
29927 
29928 
29929 
29930 
29931 
29932 
29933 
29934 
29935 
29936 
29937 
29938 
29939 
29940 
29941 
29942 
29943 
29944 
29945 
29946 
29947 
29948 
29949 
29950 
29951 
29952 
29953 
29954 
29955 
29956 
29957 
29958 
29959 
29960 
29961 
29962 
29963 
29964 
29965 
29966 
29967 
29968 
29969 
29970 
29971 
29972 
29973 
29974 
29975 
29976 
29977 
29978 
29979 
29980 
29981 
29982 
29983 
29984 
29985 
29986 
29987 
29988 
29989 
29990 
29991 
29992 
29993 
29994 
29995 
29996 
29997 
29998 
29999 
30000 
30001 
30002 
30003 
30004 
30005 
30006 
30007 
30008 
30009 
30010 
30011 
30012 
30013 
30014 
30015 
30016 
30017 
30018 
30019 
30020 
30021 
30022 
30023 
30024 
30025 
30026 
30027 
30028 
30029 
30030 
30031 
30032 
30033 
30034 
30035 
30036 
30037 
30038 
30039 
30040 
30041 
30042 
30043 
30044 
30045 
30046 
30047 
30048 
30049 
30050 
30051 
30052 
30053 
30054 
30055 
30056 
30057 
30058 
30059 
30060 
30061 
30062 
30063 
30064 
30065 
30066 
30067 
30068 
30069 
30070 
30071 
30072 
30073 
30074 
30075 
30076 
30077 
30078 
30079 
30080 
30081 
30082 
30083 
30084 
30085 
30086 
30087 
30088 
30089 
30090 
30091 
30092 
30093 
30094 
30095 
30096 
30097 
30098 
30099 
30100 
30101 
30102 
30103 
30104 
30105 
30106 
30107 
30108 
30109 
30110 
30111 
30112 
30113 
30114 
30115 
30116 
30117 
30118 
30119 
30120 
30121 
30122 
30123 
30124 
30125 
30126 
30127 
30128 
30129 
30130 
30131 
30132 
30133 
30134 
30135 
30136 
30137 
30138 
30139 
30140 
30141 
30142 
30143 
30144 
30145 
30146 
30147 
30148 
30149 
30150 
30151 
30152 
30153 
30154 
30155 
30156 
30157 
30158 
30159 
30160 
30161 
30162 
30163 
30164 
30165 
30166 
30167 
30168 
30169 
30170 
30171 
30172 
30173 
30174 
30175 
30176 
30177 
30178 
30179 
30180 
30181 
30182 
30183 
)

// ************************************************************************* //
