/*--------------------------------*- C++ -*----------------------------------*\
| =========                 |                                                 |
| \\      /  F ield         | OpenFOAM: The Open Source CFD Toolbox           |
|  \\    /   O peration     | Version:  2.4.0                                 |
|   \\  /    A nd           | Web:      www.OpenFOAM.org                      |
|    \\/     M anipulation  |                                                 |
\*---------------------------------------------------------------------------*/
FoamFile
{
    version     2.0;
    format      ascii;
    class       cellSet;
    location    "constant/polyMesh/sets";
    object      region99;
}
// * * * * * * * * * * * * * * * * * * * * * * * * * * * * * * * * * * * * * //


343
(
33957 
33958 
33959 
33960 
33961 
33962 
33963 
33964 
33965 
33966 
33967 
33968 
33969 
33970 
33971 
33972 
33973 
33974 
33975 
33976 
33977 
33978 
33979 
33980 
33981 
33982 
33983 
33984 
33985 
33986 
33987 
33988 
33989 
33990 
33991 
33992 
33993 
33994 
33995 
33996 
33997 
33998 
33999 
34000 
34001 
34002 
34003 
34004 
34005 
34006 
34007 
34008 
34009 
34010 
34011 
34012 
34013 
34014 
34015 
34016 
34017 
34018 
34019 
34020 
34021 
34022 
34023 
34024 
34025 
34026 
34027 
34028 
34029 
34030 
34031 
34032 
34033 
34034 
34035 
34036 
34037 
34038 
34039 
34040 
34041 
34042 
34043 
34044 
34045 
34046 
34047 
34048 
34049 
34050 
34051 
34052 
34053 
34054 
34055 
34056 
34057 
34058 
34059 
34060 
34061 
34062 
34063 
34064 
34065 
34066 
34067 
34068 
34069 
34070 
34071 
34072 
34073 
34074 
34075 
34076 
34077 
34078 
34079 
34080 
34081 
34082 
34083 
34084 
34085 
34086 
34087 
34088 
34089 
34090 
34091 
34092 
34093 
34094 
34095 
34096 
34097 
34098 
34099 
34100 
34101 
34102 
34103 
34104 
34105 
34106 
34107 
34108 
34109 
34110 
34111 
34112 
34113 
34114 
34115 
34116 
34117 
34118 
34119 
34120 
34121 
34122 
34123 
34124 
34125 
34126 
34127 
34128 
34129 
34130 
34131 
34132 
34133 
34134 
34135 
34136 
34137 
34138 
34139 
34140 
34141 
34142 
34143 
34144 
34145 
34146 
34147 
34148 
34149 
34150 
34151 
34152 
34153 
34154 
34155 
34156 
34157 
34158 
34159 
34160 
34161 
34162 
34163 
34164 
34165 
34166 
34167 
34168 
34169 
34170 
34171 
34172 
34173 
34174 
34175 
34176 
34177 
34178 
34179 
34180 
34181 
34182 
34183 
34184 
34185 
34186 
34187 
34188 
34189 
34190 
34191 
34192 
34193 
34194 
34195 
34196 
34197 
34198 
34199 
34200 
34201 
34202 
34203 
34204 
34205 
34206 
34207 
34208 
34209 
34210 
34211 
34212 
34213 
34214 
34215 
34216 
34217 
34218 
34219 
34220 
34221 
34222 
34223 
34224 
34225 
34226 
34227 
34228 
34229 
34230 
34231 
34232 
34233 
34234 
34235 
34236 
34237 
34238 
34239 
34240 
34241 
34242 
34243 
34244 
34245 
34246 
34247 
34248 
34249 
34250 
34251 
34252 
34253 
34254 
34255 
34256 
34257 
34258 
34259 
34260 
34261 
34262 
34263 
34264 
34265 
34266 
34267 
34268 
34269 
34270 
34271 
34272 
34273 
34274 
34275 
34276 
34277 
34278 
34279 
34280 
34281 
34282 
34283 
34284 
34285 
34286 
34287 
34288 
34289 
34290 
34291 
34292 
34293 
34294 
34295 
34296 
34297 
34298 
34299 
)

// ************************************************************************* //
