/*--------------------------------*- C++ -*----------------------------------*\
| =========                 |                                                 |
| \\      /  F ield         | OpenFOAM: The Open Source CFD Toolbox           |
|  \\    /   O peration     | Version:  2.4.0                                 |
|   \\  /    A nd           | Web:      www.OpenFOAM.org                      |
|    \\/     M anipulation  |                                                 |
\*---------------------------------------------------------------------------*/
FoamFile
{
    version     2.0;
    format      ascii;
    class       cellSet;
    location    "constant/polyMesh/sets";
    object      region168;
}
// * * * * * * * * * * * * * * * * * * * * * * * * * * * * * * * * * * * * * //


343
(
57624 
57625 
57626 
57627 
57628 
57629 
57630 
57631 
57632 
57633 
57634 
57635 
57636 
57637 
57638 
57639 
57640 
57641 
57642 
57643 
57644 
57645 
57646 
57647 
57648 
57649 
57650 
57651 
57652 
57653 
57654 
57655 
57656 
57657 
57658 
57659 
57660 
57661 
57662 
57663 
57664 
57665 
57666 
57667 
57668 
57669 
57670 
57671 
57672 
57673 
57674 
57675 
57676 
57677 
57678 
57679 
57680 
57681 
57682 
57683 
57684 
57685 
57686 
57687 
57688 
57689 
57690 
57691 
57692 
57693 
57694 
57695 
57696 
57697 
57698 
57699 
57700 
57701 
57702 
57703 
57704 
57705 
57706 
57707 
57708 
57709 
57710 
57711 
57712 
57713 
57714 
57715 
57716 
57717 
57718 
57719 
57720 
57721 
57722 
57723 
57724 
57725 
57726 
57727 
57728 
57729 
57730 
57731 
57732 
57733 
57734 
57735 
57736 
57737 
57738 
57739 
57740 
57741 
57742 
57743 
57744 
57745 
57746 
57747 
57748 
57749 
57750 
57751 
57752 
57753 
57754 
57755 
57756 
57757 
57758 
57759 
57760 
57761 
57762 
57763 
57764 
57765 
57766 
57767 
57768 
57769 
57770 
57771 
57772 
57773 
57774 
57775 
57776 
57777 
57778 
57779 
57780 
57781 
57782 
57783 
57784 
57785 
57786 
57787 
57788 
57789 
57790 
57791 
57792 
57793 
57794 
57795 
57796 
57797 
57798 
57799 
57800 
57801 
57802 
57803 
57804 
57805 
57806 
57807 
57808 
57809 
57810 
57811 
57812 
57813 
57814 
57815 
57816 
57817 
57818 
57819 
57820 
57821 
57822 
57823 
57824 
57825 
57826 
57827 
57828 
57829 
57830 
57831 
57832 
57833 
57834 
57835 
57836 
57837 
57838 
57839 
57840 
57841 
57842 
57843 
57844 
57845 
57846 
57847 
57848 
57849 
57850 
57851 
57852 
57853 
57854 
57855 
57856 
57857 
57858 
57859 
57860 
57861 
57862 
57863 
57864 
57865 
57866 
57867 
57868 
57869 
57870 
57871 
57872 
57873 
57874 
57875 
57876 
57877 
57878 
57879 
57880 
57881 
57882 
57883 
57884 
57885 
57886 
57887 
57888 
57889 
57890 
57891 
57892 
57893 
57894 
57895 
57896 
57897 
57898 
57899 
57900 
57901 
57902 
57903 
57904 
57905 
57906 
57907 
57908 
57909 
57910 
57911 
57912 
57913 
57914 
57915 
57916 
57917 
57918 
57919 
57920 
57921 
57922 
57923 
57924 
57925 
57926 
57927 
57928 
57929 
57930 
57931 
57932 
57933 
57934 
57935 
57936 
57937 
57938 
57939 
57940 
57941 
57942 
57943 
57944 
57945 
57946 
57947 
57948 
57949 
57950 
57951 
57952 
57953 
57954 
57955 
57956 
57957 
57958 
57959 
57960 
57961 
57962 
57963 
57964 
57965 
57966 
)

// ************************************************************************* //
