/*--------------------------------*- C++ -*----------------------------------*\
| =========                 |                                                 |
| \\      /  F ield         | OpenFOAM: The Open Source CFD Toolbox           |
|  \\    /   O peration     | Version:  2.4.0                                 |
|   \\  /    A nd           | Web:      www.OpenFOAM.org                      |
|    \\/     M anipulation  |                                                 |
\*---------------------------------------------------------------------------*/
FoamFile
{
    version     2.0;
    format      ascii;
    class       cellSet;
    location    "constant/polyMesh/sets";
    object      region160;
}
// * * * * * * * * * * * * * * * * * * * * * * * * * * * * * * * * * * * * * //


343
(
54880 
54881 
54882 
54883 
54884 
54885 
54886 
54887 
54888 
54889 
54890 
54891 
54892 
54893 
54894 
54895 
54896 
54897 
54898 
54899 
54900 
54901 
54902 
54903 
54904 
54905 
54906 
54907 
54908 
54909 
54910 
54911 
54912 
54913 
54914 
54915 
54916 
54917 
54918 
54919 
54920 
54921 
54922 
54923 
54924 
54925 
54926 
54927 
54928 
54929 
54930 
54931 
54932 
54933 
54934 
54935 
54936 
54937 
54938 
54939 
54940 
54941 
54942 
54943 
54944 
54945 
54946 
54947 
54948 
54949 
54950 
54951 
54952 
54953 
54954 
54955 
54956 
54957 
54958 
54959 
54960 
54961 
54962 
54963 
54964 
54965 
54966 
54967 
54968 
54969 
54970 
54971 
54972 
54973 
54974 
54975 
54976 
54977 
54978 
54979 
54980 
54981 
54982 
54983 
54984 
54985 
54986 
54987 
54988 
54989 
54990 
54991 
54992 
54993 
54994 
54995 
54996 
54997 
54998 
54999 
55000 
55001 
55002 
55003 
55004 
55005 
55006 
55007 
55008 
55009 
55010 
55011 
55012 
55013 
55014 
55015 
55016 
55017 
55018 
55019 
55020 
55021 
55022 
55023 
55024 
55025 
55026 
55027 
55028 
55029 
55030 
55031 
55032 
55033 
55034 
55035 
55036 
55037 
55038 
55039 
55040 
55041 
55042 
55043 
55044 
55045 
55046 
55047 
55048 
55049 
55050 
55051 
55052 
55053 
55054 
55055 
55056 
55057 
55058 
55059 
55060 
55061 
55062 
55063 
55064 
55065 
55066 
55067 
55068 
55069 
55070 
55071 
55072 
55073 
55074 
55075 
55076 
55077 
55078 
55079 
55080 
55081 
55082 
55083 
55084 
55085 
55086 
55087 
55088 
55089 
55090 
55091 
55092 
55093 
55094 
55095 
55096 
55097 
55098 
55099 
55100 
55101 
55102 
55103 
55104 
55105 
55106 
55107 
55108 
55109 
55110 
55111 
55112 
55113 
55114 
55115 
55116 
55117 
55118 
55119 
55120 
55121 
55122 
55123 
55124 
55125 
55126 
55127 
55128 
55129 
55130 
55131 
55132 
55133 
55134 
55135 
55136 
55137 
55138 
55139 
55140 
55141 
55142 
55143 
55144 
55145 
55146 
55147 
55148 
55149 
55150 
55151 
55152 
55153 
55154 
55155 
55156 
55157 
55158 
55159 
55160 
55161 
55162 
55163 
55164 
55165 
55166 
55167 
55168 
55169 
55170 
55171 
55172 
55173 
55174 
55175 
55176 
55177 
55178 
55179 
55180 
55181 
55182 
55183 
55184 
55185 
55186 
55187 
55188 
55189 
55190 
55191 
55192 
55193 
55194 
55195 
55196 
55197 
55198 
55199 
55200 
55201 
55202 
55203 
55204 
55205 
55206 
55207 
55208 
55209 
55210 
55211 
55212 
55213 
55214 
55215 
55216 
55217 
55218 
55219 
55220 
55221 
55222 
)

// ************************************************************************* //
