/*--------------------------------*- C++ -*----------------------------------*\
| =========                 |                                                 |
| \\      /  F ield         | OpenFOAM: The Open Source CFD Toolbox           |
|  \\    /   O peration     | Version:  2.4.0                                 |
|   \\  /    A nd           | Web:      www.OpenFOAM.org                      |
|    \\/     M anipulation  |                                                 |
\*---------------------------------------------------------------------------*/
FoamFile
{
    version     2.0;
    format      ascii;
    class       cellSet;
    location    "constant/polyMesh/sets";
    object      region129;
}
// * * * * * * * * * * * * * * * * * * * * * * * * * * * * * * * * * * * * * //


343
(
44247 
44248 
44249 
44250 
44251 
44252 
44253 
44254 
44255 
44256 
44257 
44258 
44259 
44260 
44261 
44262 
44263 
44264 
44265 
44266 
44267 
44268 
44269 
44270 
44271 
44272 
44273 
44274 
44275 
44276 
44277 
44278 
44279 
44280 
44281 
44282 
44283 
44284 
44285 
44286 
44287 
44288 
44289 
44290 
44291 
44292 
44293 
44294 
44295 
44296 
44297 
44298 
44299 
44300 
44301 
44302 
44303 
44304 
44305 
44306 
44307 
44308 
44309 
44310 
44311 
44312 
44313 
44314 
44315 
44316 
44317 
44318 
44319 
44320 
44321 
44322 
44323 
44324 
44325 
44326 
44327 
44328 
44329 
44330 
44331 
44332 
44333 
44334 
44335 
44336 
44337 
44338 
44339 
44340 
44341 
44342 
44343 
44344 
44345 
44346 
44347 
44348 
44349 
44350 
44351 
44352 
44353 
44354 
44355 
44356 
44357 
44358 
44359 
44360 
44361 
44362 
44363 
44364 
44365 
44366 
44367 
44368 
44369 
44370 
44371 
44372 
44373 
44374 
44375 
44376 
44377 
44378 
44379 
44380 
44381 
44382 
44383 
44384 
44385 
44386 
44387 
44388 
44389 
44390 
44391 
44392 
44393 
44394 
44395 
44396 
44397 
44398 
44399 
44400 
44401 
44402 
44403 
44404 
44405 
44406 
44407 
44408 
44409 
44410 
44411 
44412 
44413 
44414 
44415 
44416 
44417 
44418 
44419 
44420 
44421 
44422 
44423 
44424 
44425 
44426 
44427 
44428 
44429 
44430 
44431 
44432 
44433 
44434 
44435 
44436 
44437 
44438 
44439 
44440 
44441 
44442 
44443 
44444 
44445 
44446 
44447 
44448 
44449 
44450 
44451 
44452 
44453 
44454 
44455 
44456 
44457 
44458 
44459 
44460 
44461 
44462 
44463 
44464 
44465 
44466 
44467 
44468 
44469 
44470 
44471 
44472 
44473 
44474 
44475 
44476 
44477 
44478 
44479 
44480 
44481 
44482 
44483 
44484 
44485 
44486 
44487 
44488 
44489 
44490 
44491 
44492 
44493 
44494 
44495 
44496 
44497 
44498 
44499 
44500 
44501 
44502 
44503 
44504 
44505 
44506 
44507 
44508 
44509 
44510 
44511 
44512 
44513 
44514 
44515 
44516 
44517 
44518 
44519 
44520 
44521 
44522 
44523 
44524 
44525 
44526 
44527 
44528 
44529 
44530 
44531 
44532 
44533 
44534 
44535 
44536 
44537 
44538 
44539 
44540 
44541 
44542 
44543 
44544 
44545 
44546 
44547 
44548 
44549 
44550 
44551 
44552 
44553 
44554 
44555 
44556 
44557 
44558 
44559 
44560 
44561 
44562 
44563 
44564 
44565 
44566 
44567 
44568 
44569 
44570 
44571 
44572 
44573 
44574 
44575 
44576 
44577 
44578 
44579 
44580 
44581 
44582 
44583 
44584 
44585 
44586 
44587 
44588 
44589 
)

// ************************************************************************* //
