/*--------------------------------*- C++ -*----------------------------------*\
| =========                 |                                                 |
| \\      /  F ield         | OpenFOAM: The Open Source CFD Toolbox           |
|  \\    /   O peration     | Version:  2.4.0                                 |
|   \\  /    A nd           | Web:      www.OpenFOAM.org                      |
|    \\/     M anipulation  |                                                 |
\*---------------------------------------------------------------------------*/
FoamFile
{
    version     2.0;
    format      ascii;
    class       cellSet;
    location    "constant/polyMesh/sets";
    object      region167;
}
// * * * * * * * * * * * * * * * * * * * * * * * * * * * * * * * * * * * * * //


343
(
57344 
57345 
57346 
57347 
57348 
57349 
57350 
57351 
57352 
57353 
57354 
57355 
57356 
57357 
57358 
57359 
57360 
57361 
57362 
57363 
57364 
57365 
57366 
57367 
57368 
57369 
57370 
57371 
57372 
57373 
57374 
57375 
57376 
57377 
57378 
57379 
57380 
57381 
57382 
57383 
57384 
57385 
57386 
57387 
57388 
57389 
57390 
57391 
57392 
57393 
57394 
57395 
57396 
57397 
57398 
57399 
57400 
57401 
57402 
57403 
57404 
57405 
57406 
57407 
57408 
57409 
57410 
57411 
57412 
57413 
57414 
57415 
57416 
57417 
57418 
57419 
57420 
57421 
57422 
57423 
57424 
57425 
57426 
57427 
57428 
57429 
57430 
57431 
57432 
57433 
57434 
57435 
57436 
57437 
57438 
57439 
57440 
57441 
57442 
57443 
57444 
57445 
57446 
57447 
57448 
57449 
57450 
57451 
57452 
57453 
57454 
57455 
57456 
57457 
57458 
57459 
57460 
57461 
57462 
57463 
57464 
57465 
57466 
57467 
57468 
57469 
57470 
57471 
57472 
57473 
57474 
57475 
57476 
57477 
57478 
57479 
57480 
57481 
57482 
57483 
57484 
57485 
57486 
57487 
57488 
57489 
57490 
57491 
57492 
57493 
57494 
57495 
57496 
57497 
57498 
57499 
57500 
57501 
57502 
57503 
57504 
57505 
57506 
57507 
57508 
57509 
57510 
57511 
57512 
57513 
57514 
57515 
57516 
57517 
57518 
57519 
57520 
57521 
57522 
57523 
57524 
57525 
57526 
57527 
57528 
57529 
57530 
57531 
57532 
57533 
57534 
57535 
57536 
57537 
57538 
57539 
57540 
57541 
57542 
57543 
57544 
57545 
57546 
57547 
57548 
57549 
57550 
57551 
57552 
57553 
57554 
57555 
57556 
57557 
57558 
57559 
57560 
57561 
57562 
57563 
57564 
57565 
57566 
57567 
57568 
57569 
57570 
57571 
57572 
57573 
57574 
57575 
57576 
57577 
57578 
57579 
57580 
57581 
57582 
57583 
57584 
57585 
57586 
57587 
57588 
57589 
57590 
57591 
57592 
57593 
57594 
57595 
57596 
57597 
57598 
57599 
57600 
57601 
57602 
57603 
57604 
57605 
57606 
57607 
57608 
57609 
57610 
57611 
57612 
57613 
57614 
57615 
57616 
57617 
57618 
57619 
57620 
57621 
57622 
57623 
57281 
57282 
57283 
57284 
57285 
57286 
57287 
57288 
57289 
57290 
57291 
57292 
57293 
57294 
57295 
57296 
57297 
57298 
57299 
57300 
57301 
57302 
57303 
57304 
57305 
57306 
57307 
57308 
57309 
57310 
57311 
57312 
57313 
57314 
57315 
57316 
57317 
57318 
57319 
57320 
57321 
57322 
57323 
57324 
57325 
57326 
57327 
57328 
57329 
57330 
57331 
57332 
57333 
57334 
57335 
57336 
57337 
57338 
57339 
57340 
57341 
57342 
57343 
)

// ************************************************************************* //
