/*--------------------------------*- C++ -*----------------------------------*\
| =========                 |                                                 |
| \\      /  F ield         | OpenFOAM: The Open Source CFD Toolbox           |
|  \\    /   O peration     | Version:  2.4.0                                 |
|   \\  /    A nd           | Web:      www.OpenFOAM.org                      |
|    \\/     M anipulation  |                                                 |
\*---------------------------------------------------------------------------*/
FoamFile
{
    version     2.0;
    format      ascii;
    class       cellSet;
    location    "constant/polyMesh/sets";
    object      region104;
}
// * * * * * * * * * * * * * * * * * * * * * * * * * * * * * * * * * * * * * //


343
(
35840 
35841 
35842 
35843 
35844 
35845 
35846 
35847 
35848 
35849 
35850 
35851 
35852 
35853 
35854 
35855 
35856 
35857 
35858 
35859 
35860 
35861 
35862 
35863 
35864 
35865 
35866 
35867 
35868 
35869 
35870 
35871 
35872 
35873 
35874 
35875 
35876 
35877 
35878 
35879 
35880 
35881 
35882 
35883 
35884 
35885 
35886 
35887 
35888 
35889 
35890 
35891 
35892 
35893 
35894 
35895 
35896 
35897 
35898 
35899 
35900 
35901 
35902 
35903 
35904 
35905 
35906 
35907 
35908 
35909 
35910 
35911 
35912 
35913 
35914 
35915 
35916 
35917 
35918 
35919 
35920 
35921 
35922 
35923 
35924 
35925 
35926 
35927 
35928 
35929 
35930 
35931 
35932 
35933 
35934 
35935 
35936 
35937 
35938 
35939 
35940 
35941 
35942 
35943 
35944 
35945 
35946 
35947 
35948 
35949 
35950 
35951 
35952 
35953 
35954 
35955 
35956 
35957 
35958 
35959 
35960 
35961 
35962 
35963 
35964 
35965 
35966 
35967 
35968 
35969 
35970 
35971 
35972 
35973 
35974 
35975 
35976 
35977 
35978 
35979 
35980 
35981 
35982 
35983 
35984 
35985 
35986 
35987 
35988 
35989 
35990 
35991 
35992 
35993 
35994 
35995 
35996 
35997 
35998 
35999 
36000 
36001 
36002 
36003 
36004 
36005 
36006 
36007 
36008 
36009 
36010 
36011 
36012 
36013 
36014 
35672 
35673 
35674 
35675 
35676 
35677 
35678 
35679 
35680 
35681 
35682 
35683 
35684 
35685 
35686 
35687 
35688 
35689 
35690 
35691 
35692 
35693 
35694 
35695 
35696 
35697 
35698 
35699 
35700 
35701 
35702 
35703 
35704 
35705 
35706 
35707 
35708 
35709 
35710 
35711 
35712 
35713 
35714 
35715 
35716 
35717 
35718 
35719 
35720 
35721 
35722 
35723 
35724 
35725 
35726 
35727 
35728 
35729 
35730 
35731 
35732 
35733 
35734 
35735 
35736 
35737 
35738 
35739 
35740 
35741 
35742 
35743 
35744 
35745 
35746 
35747 
35748 
35749 
35750 
35751 
35752 
35753 
35754 
35755 
35756 
35757 
35758 
35759 
35760 
35761 
35762 
35763 
35764 
35765 
35766 
35767 
35768 
35769 
35770 
35771 
35772 
35773 
35774 
35775 
35776 
35777 
35778 
35779 
35780 
35781 
35782 
35783 
35784 
35785 
35786 
35787 
35788 
35789 
35790 
35791 
35792 
35793 
35794 
35795 
35796 
35797 
35798 
35799 
35800 
35801 
35802 
35803 
35804 
35805 
35806 
35807 
35808 
35809 
35810 
35811 
35812 
35813 
35814 
35815 
35816 
35817 
35818 
35819 
35820 
35821 
35822 
35823 
35824 
35825 
35826 
35827 
35828 
35829 
35830 
35831 
35832 
35833 
35834 
35835 
35836 
35837 
35838 
35839 
)

// ************************************************************************* //
