/*--------------------------------*- C++ -*----------------------------------*\
| =========                 |                                                 |
| \\      /  F ield         | OpenFOAM: The Open Source CFD Toolbox           |
|  \\    /   O peration     | Version:  2.4.0                                 |
|   \\  /    A nd           | Web:      www.OpenFOAM.org                      |
|    \\/     M anipulation  |                                                 |
\*---------------------------------------------------------------------------*/
FoamFile
{
    version     2.0;
    format      ascii;
    class       cellSet;
    location    "constant/polyMesh/sets";
    object      region179;
}
// * * * * * * * * * * * * * * * * * * * * * * * * * * * * * * * * * * * * * //


343
(
61440 
61441 
61442 
61443 
61444 
61445 
61446 
61447 
61448 
61449 
61450 
61451 
61452 
61453 
61454 
61455 
61456 
61457 
61458 
61459 
61460 
61461 
61462 
61463 
61464 
61465 
61466 
61467 
61468 
61469 
61470 
61471 
61472 
61473 
61474 
61475 
61476 
61477 
61478 
61479 
61480 
61481 
61482 
61483 
61484 
61485 
61486 
61487 
61488 
61489 
61490 
61491 
61492 
61493 
61494 
61495 
61496 
61497 
61498 
61499 
61500 
61501 
61502 
61503 
61504 
61505 
61506 
61507 
61508 
61509 
61510 
61511 
61512 
61513 
61514 
61515 
61516 
61517 
61518 
61519 
61520 
61521 
61522 
61523 
61524 
61525 
61526 
61527 
61528 
61529 
61530 
61531 
61532 
61533 
61534 
61535 
61536 
61537 
61538 
61539 
61540 
61541 
61542 
61543 
61544 
61545 
61546 
61547 
61548 
61549 
61550 
61551 
61552 
61553 
61554 
61555 
61556 
61557 
61558 
61559 
61560 
61561 
61562 
61563 
61564 
61565 
61566 
61567 
61568 
61569 
61570 
61571 
61572 
61573 
61574 
61575 
61576 
61577 
61578 
61579 
61580 
61581 
61582 
61583 
61584 
61585 
61586 
61587 
61588 
61589 
61590 
61591 
61592 
61593 
61594 
61595 
61596 
61597 
61598 
61599 
61600 
61601 
61602 
61603 
61604 
61605 
61606 
61607 
61608 
61609 
61610 
61611 
61612 
61613 
61614 
61615 
61616 
61617 
61618 
61619 
61620 
61621 
61622 
61623 
61624 
61625 
61626 
61627 
61628 
61629 
61630 
61631 
61632 
61633 
61634 
61635 
61636 
61637 
61638 
61639 
61640 
61641 
61642 
61643 
61644 
61645 
61646 
61647 
61648 
61649 
61650 
61651 
61652 
61653 
61654 
61655 
61656 
61657 
61658 
61659 
61660 
61661 
61662 
61663 
61664 
61665 
61666 
61667 
61668 
61669 
61670 
61671 
61672 
61673 
61674 
61675 
61676 
61677 
61678 
61679 
61680 
61681 
61682 
61683 
61684 
61685 
61686 
61687 
61688 
61689 
61690 
61691 
61692 
61693 
61694 
61695 
61696 
61697 
61698 
61699 
61700 
61701 
61702 
61703 
61704 
61705 
61706 
61707 
61708 
61709 
61710 
61711 
61712 
61713 
61714 
61715 
61716 
61717 
61718 
61719 
61720 
61721 
61722 
61723 
61724 
61725 
61726 
61727 
61728 
61729 
61730 
61731 
61732 
61733 
61734 
61735 
61736 
61737 
61738 
61739 
61397 
61398 
61399 
61400 
61401 
61402 
61403 
61404 
61405 
61406 
61407 
61408 
61409 
61410 
61411 
61412 
61413 
61414 
61415 
61416 
61417 
61418 
61419 
61420 
61421 
61422 
61423 
61424 
61425 
61426 
61427 
61428 
61429 
61430 
61431 
61432 
61433 
61434 
61435 
61436 
61437 
61438 
61439 
)

// ************************************************************************* //
