/*--------------------------------*- C++ -*----------------------------------*\
| =========                 |                                                 |
| \\      /  F ield         | OpenFOAM: The Open Source CFD Toolbox           |
|  \\    /   O peration     | Version:  2.4.0                                 |
|   \\  /    A nd           | Web:      www.OpenFOAM.org                      |
|    \\/     M anipulation  |                                                 |
\*---------------------------------------------------------------------------*/
FoamFile
{
    version     2.0;
    format      ascii;
    class       cellSet;
    location    "constant/polyMesh/sets";
    object      region62;
}
// * * * * * * * * * * * * * * * * * * * * * * * * * * * * * * * * * * * * * //


343
(
21504 
21505 
21506 
21507 
21508 
21509 
21510 
21511 
21512 
21513 
21514 
21515 
21516 
21517 
21518 
21519 
21520 
21521 
21522 
21523 
21524 
21525 
21526 
21527 
21528 
21529 
21530 
21531 
21532 
21533 
21534 
21535 
21536 
21537 
21538 
21539 
21540 
21541 
21542 
21543 
21544 
21545 
21546 
21547 
21548 
21549 
21550 
21551 
21552 
21553 
21554 
21555 
21556 
21557 
21558 
21559 
21560 
21561 
21562 
21563 
21564 
21565 
21566 
21567 
21568 
21569 
21570 
21571 
21572 
21573 
21574 
21575 
21576 
21577 
21578 
21579 
21580 
21581 
21582 
21583 
21584 
21585 
21586 
21587 
21588 
21589 
21590 
21591 
21592 
21593 
21594 
21595 
21596 
21597 
21598 
21599 
21600 
21601 
21602 
21603 
21604 
21605 
21606 
21607 
21608 
21266 
21267 
21268 
21269 
21270 
21271 
21272 
21273 
21274 
21275 
21276 
21277 
21278 
21279 
21280 
21281 
21282 
21283 
21284 
21285 
21286 
21287 
21288 
21289 
21290 
21291 
21292 
21293 
21294 
21295 
21296 
21297 
21298 
21299 
21300 
21301 
21302 
21303 
21304 
21305 
21306 
21307 
21308 
21309 
21310 
21311 
21312 
21313 
21314 
21315 
21316 
21317 
21318 
21319 
21320 
21321 
21322 
21323 
21324 
21325 
21326 
21327 
21328 
21329 
21330 
21331 
21332 
21333 
21334 
21335 
21336 
21337 
21338 
21339 
21340 
21341 
21342 
21343 
21344 
21345 
21346 
21347 
21348 
21349 
21350 
21351 
21352 
21353 
21354 
21355 
21356 
21357 
21358 
21359 
21360 
21361 
21362 
21363 
21364 
21365 
21366 
21367 
21368 
21369 
21370 
21371 
21372 
21373 
21374 
21375 
21376 
21377 
21378 
21379 
21380 
21381 
21382 
21383 
21384 
21385 
21386 
21387 
21388 
21389 
21390 
21391 
21392 
21393 
21394 
21395 
21396 
21397 
21398 
21399 
21400 
21401 
21402 
21403 
21404 
21405 
21406 
21407 
21408 
21409 
21410 
21411 
21412 
21413 
21414 
21415 
21416 
21417 
21418 
21419 
21420 
21421 
21422 
21423 
21424 
21425 
21426 
21427 
21428 
21429 
21430 
21431 
21432 
21433 
21434 
21435 
21436 
21437 
21438 
21439 
21440 
21441 
21442 
21443 
21444 
21445 
21446 
21447 
21448 
21449 
21450 
21451 
21452 
21453 
21454 
21455 
21456 
21457 
21458 
21459 
21460 
21461 
21462 
21463 
21464 
21465 
21466 
21467 
21468 
21469 
21470 
21471 
21472 
21473 
21474 
21475 
21476 
21477 
21478 
21479 
21480 
21481 
21482 
21483 
21484 
21485 
21486 
21487 
21488 
21489 
21490 
21491 
21492 
21493 
21494 
21495 
21496 
21497 
21498 
21499 
21500 
21501 
21502 
21503 
)

// ************************************************************************* //
