/*--------------------------------*- C++ -*----------------------------------*\
| =========                 |                                                 |
| \\      /  F ield         | OpenFOAM: The Open Source CFD Toolbox           |
|  \\    /   O peration     | Version:  2.4.0                                 |
|   \\  /    A nd           | Web:      www.OpenFOAM.org                      |
|    \\/     M anipulation  |                                                 |
\*---------------------------------------------------------------------------*/
FoamFile
{
    version     2.0;
    format      ascii;
    class       cellSet;
    location    "constant/polyMesh/sets";
    object      region165;
}
// * * * * * * * * * * * * * * * * * * * * * * * * * * * * * * * * * * * * * //


343
(
56595 
56596 
56597 
56598 
56599 
56600 
56601 
56602 
56603 
56604 
56605 
56606 
56607 
56608 
56609 
56610 
56611 
56612 
56613 
56614 
56615 
56616 
56617 
56618 
56619 
56620 
56621 
56622 
56623 
56624 
56625 
56626 
56627 
56628 
56629 
56630 
56631 
56632 
56633 
56634 
56635 
56636 
56637 
56638 
56639 
56640 
56641 
56642 
56643 
56644 
56645 
56646 
56647 
56648 
56649 
56650 
56651 
56652 
56653 
56654 
56655 
56656 
56657 
56658 
56659 
56660 
56661 
56662 
56663 
56664 
56665 
56666 
56667 
56668 
56669 
56670 
56671 
56672 
56673 
56674 
56675 
56676 
56677 
56678 
56679 
56680 
56681 
56682 
56683 
56684 
56685 
56686 
56687 
56688 
56689 
56690 
56691 
56692 
56693 
56694 
56695 
56696 
56697 
56698 
56699 
56700 
56701 
56702 
56703 
56704 
56705 
56706 
56707 
56708 
56709 
56710 
56711 
56712 
56713 
56714 
56715 
56716 
56717 
56718 
56719 
56720 
56721 
56722 
56723 
56724 
56725 
56726 
56727 
56728 
56729 
56730 
56731 
56732 
56733 
56734 
56735 
56736 
56737 
56738 
56739 
56740 
56741 
56742 
56743 
56744 
56745 
56746 
56747 
56748 
56749 
56750 
56751 
56752 
56753 
56754 
56755 
56756 
56757 
56758 
56759 
56760 
56761 
56762 
56763 
56764 
56765 
56766 
56767 
56768 
56769 
56770 
56771 
56772 
56773 
56774 
56775 
56776 
56777 
56778 
56779 
56780 
56781 
56782 
56783 
56784 
56785 
56786 
56787 
56788 
56789 
56790 
56791 
56792 
56793 
56794 
56795 
56796 
56797 
56798 
56799 
56800 
56801 
56802 
56803 
56804 
56805 
56806 
56807 
56808 
56809 
56810 
56811 
56812 
56813 
56814 
56815 
56816 
56817 
56818 
56819 
56820 
56821 
56822 
56823 
56824 
56825 
56826 
56827 
56828 
56829 
56830 
56831 
56832 
56833 
56834 
56835 
56836 
56837 
56838 
56839 
56840 
56841 
56842 
56843 
56844 
56845 
56846 
56847 
56848 
56849 
56850 
56851 
56852 
56853 
56854 
56855 
56856 
56857 
56858 
56859 
56860 
56861 
56862 
56863 
56864 
56865 
56866 
56867 
56868 
56869 
56870 
56871 
56872 
56873 
56874 
56875 
56876 
56877 
56878 
56879 
56880 
56881 
56882 
56883 
56884 
56885 
56886 
56887 
56888 
56889 
56890 
56891 
56892 
56893 
56894 
56895 
56896 
56897 
56898 
56899 
56900 
56901 
56902 
56903 
56904 
56905 
56906 
56907 
56908 
56909 
56910 
56911 
56912 
56913 
56914 
56915 
56916 
56917 
56918 
56919 
56920 
56921 
56922 
56923 
56924 
56925 
56926 
56927 
56928 
56929 
56930 
56931 
56932 
56933 
56934 
56935 
56936 
56937 
)

// ************************************************************************* //
