/*--------------------------------*- C++ -*----------------------------------*\
| =========                 |                                                 |
| \\      /  F ield         | OpenFOAM: The Open Source CFD Toolbox           |
|  \\    /   O peration     | Version:  2.4.0                                 |
|   \\  /    A nd           | Web:      www.OpenFOAM.org                      |
|    \\/     M anipulation  |                                                 |
\*---------------------------------------------------------------------------*/
FoamFile
{
    version     2.0;
    format      ascii;
    class       cellSet;
    location    "constant/polyMesh/sets";
    object      region113;
}
// * * * * * * * * * * * * * * * * * * * * * * * * * * * * * * * * * * * * * //


343
(
38912 
38913 
38914 
38915 
38916 
38917 
38918 
38919 
38920 
38921 
38922 
38923 
38924 
38925 
38926 
38927 
38928 
38929 
38930 
38931 
38932 
38933 
38934 
38935 
38936 
38937 
38938 
38939 
38940 
38941 
38942 
38943 
38944 
38945 
38946 
38947 
38948 
38949 
38950 
38951 
38952 
38953 
38954 
38955 
38956 
38957 
38958 
38959 
38960 
38961 
38962 
38963 
38964 
38965 
38966 
38967 
38968 
38969 
38970 
38971 
38972 
38973 
38974 
38975 
38976 
38977 
38978 
38979 
38980 
38981 
38982 
38983 
38984 
38985 
38986 
38987 
38988 
38989 
38990 
38991 
38992 
38993 
38994 
38995 
38996 
38997 
38998 
38999 
39000 
39001 
39002 
39003 
39004 
39005 
39006 
39007 
39008 
39009 
39010 
39011 
39012 
39013 
39014 
39015 
39016 
39017 
39018 
39019 
39020 
39021 
39022 
39023 
39024 
39025 
39026 
39027 
39028 
39029 
39030 
39031 
39032 
39033 
39034 
39035 
39036 
39037 
39038 
39039 
39040 
39041 
39042 
39043 
39044 
39045 
39046 
39047 
39048 
39049 
39050 
39051 
39052 
39053 
39054 
39055 
39056 
39057 
39058 
39059 
39060 
39061 
39062 
39063 
39064 
39065 
39066 
39067 
39068 
39069 
39070 
39071 
39072 
39073 
39074 
39075 
39076 
39077 
39078 
39079 
39080 
39081 
39082 
39083 
39084 
39085 
39086 
39087 
39088 
39089 
39090 
39091 
39092 
39093 
39094 
39095 
39096 
39097 
39098 
39099 
39100 
39101 
38759 
38760 
38761 
38762 
38763 
38764 
38765 
38766 
38767 
38768 
38769 
38770 
38771 
38772 
38773 
38774 
38775 
38776 
38777 
38778 
38779 
38780 
38781 
38782 
38783 
38784 
38785 
38786 
38787 
38788 
38789 
38790 
38791 
38792 
38793 
38794 
38795 
38796 
38797 
38798 
38799 
38800 
38801 
38802 
38803 
38804 
38805 
38806 
38807 
38808 
38809 
38810 
38811 
38812 
38813 
38814 
38815 
38816 
38817 
38818 
38819 
38820 
38821 
38822 
38823 
38824 
38825 
38826 
38827 
38828 
38829 
38830 
38831 
38832 
38833 
38834 
38835 
38836 
38837 
38838 
38839 
38840 
38841 
38842 
38843 
38844 
38845 
38846 
38847 
38848 
38849 
38850 
38851 
38852 
38853 
38854 
38855 
38856 
38857 
38858 
38859 
38860 
38861 
38862 
38863 
38864 
38865 
38866 
38867 
38868 
38869 
38870 
38871 
38872 
38873 
38874 
38875 
38876 
38877 
38878 
38879 
38880 
38881 
38882 
38883 
38884 
38885 
38886 
38887 
38888 
38889 
38890 
38891 
38892 
38893 
38894 
38895 
38896 
38897 
38898 
38899 
38900 
38901 
38902 
38903 
38904 
38905 
38906 
38907 
38908 
38909 
38910 
38911 
)

// ************************************************************************* //
