/*--------------------------------*- C++ -*----------------------------------*\
| =========                 |                                                 |
| \\      /  F ield         | OpenFOAM: The Open Source CFD Toolbox           |
|  \\    /   O peration     | Version:  2.4.0                                 |
|   \\  /    A nd           | Web:      www.OpenFOAM.org                      |
|    \\/     M anipulation  |                                                 |
\*---------------------------------------------------------------------------*/
FoamFile
{
    version     2.0;
    format      ascii;
    class       cellSet;
    location    "constant/polyMesh/sets";
    object      region124;
}
// * * * * * * * * * * * * * * * * * * * * * * * * * * * * * * * * * * * * * //


343
(
42532 
42533 
42534 
42535 
42536 
42537 
42538 
42539 
42540 
42541 
42542 
42543 
42544 
42545 
42546 
42547 
42548 
42549 
42550 
42551 
42552 
42553 
42554 
42555 
42556 
42557 
42558 
42559 
42560 
42561 
42562 
42563 
42564 
42565 
42566 
42567 
42568 
42569 
42570 
42571 
42572 
42573 
42574 
42575 
42576 
42577 
42578 
42579 
42580 
42581 
42582 
42583 
42584 
42585 
42586 
42587 
42588 
42589 
42590 
42591 
42592 
42593 
42594 
42595 
42596 
42597 
42598 
42599 
42600 
42601 
42602 
42603 
42604 
42605 
42606 
42607 
42608 
42609 
42610 
42611 
42612 
42613 
42614 
42615 
42616 
42617 
42618 
42619 
42620 
42621 
42622 
42623 
42624 
42625 
42626 
42627 
42628 
42629 
42630 
42631 
42632 
42633 
42634 
42635 
42636 
42637 
42638 
42639 
42640 
42641 
42642 
42643 
42644 
42645 
42646 
42647 
42648 
42649 
42650 
42651 
42652 
42653 
42654 
42655 
42656 
42657 
42658 
42659 
42660 
42661 
42662 
42663 
42664 
42665 
42666 
42667 
42668 
42669 
42670 
42671 
42672 
42673 
42674 
42675 
42676 
42677 
42678 
42679 
42680 
42681 
42682 
42683 
42684 
42685 
42686 
42687 
42688 
42689 
42690 
42691 
42692 
42693 
42694 
42695 
42696 
42697 
42698 
42699 
42700 
42701 
42702 
42703 
42704 
42705 
42706 
42707 
42708 
42709 
42710 
42711 
42712 
42713 
42714 
42715 
42716 
42717 
42718 
42719 
42720 
42721 
42722 
42723 
42724 
42725 
42726 
42727 
42728 
42729 
42730 
42731 
42732 
42733 
42734 
42735 
42736 
42737 
42738 
42739 
42740 
42741 
42742 
42743 
42744 
42745 
42746 
42747 
42748 
42749 
42750 
42751 
42752 
42753 
42754 
42755 
42756 
42757 
42758 
42759 
42760 
42761 
42762 
42763 
42764 
42765 
42766 
42767 
42768 
42769 
42770 
42771 
42772 
42773 
42774 
42775 
42776 
42777 
42778 
42779 
42780 
42781 
42782 
42783 
42784 
42785 
42786 
42787 
42788 
42789 
42790 
42791 
42792 
42793 
42794 
42795 
42796 
42797 
42798 
42799 
42800 
42801 
42802 
42803 
42804 
42805 
42806 
42807 
42808 
42809 
42810 
42811 
42812 
42813 
42814 
42815 
42816 
42817 
42818 
42819 
42820 
42821 
42822 
42823 
42824 
42825 
42826 
42827 
42828 
42829 
42830 
42831 
42832 
42833 
42834 
42835 
42836 
42837 
42838 
42839 
42840 
42841 
42842 
42843 
42844 
42845 
42846 
42847 
42848 
42849 
42850 
42851 
42852 
42853 
42854 
42855 
42856 
42857 
42858 
42859 
42860 
42861 
42862 
42863 
42864 
42865 
42866 
42867 
42868 
42869 
42870 
42871 
42872 
42873 
42874 
)

// ************************************************************************* //
