/*--------------------------------*- C++ -*----------------------------------*\
| =========                 |                                                 |
| \\      /  F ield         | OpenFOAM: The Open Source CFD Toolbox           |
|  \\    /   O peration     | Version:  2.4.0                                 |
|   \\  /    A nd           | Web:      www.OpenFOAM.org                      |
|    \\/     M anipulation  |                                                 |
\*---------------------------------------------------------------------------*/
FoamFile
{
    version     2.0;
    format      ascii;
    class       cellSet;
    location    "constant/polyMesh/sets";
    object      region51;
}
// * * * * * * * * * * * * * * * * * * * * * * * * * * * * * * * * * * * * * //


343
(
17493 
17494 
17495 
17496 
17497 
17498 
17499 
17500 
17501 
17502 
17503 
17504 
17505 
17506 
17507 
17508 
17509 
17510 
17511 
17512 
17513 
17514 
17515 
17516 
17517 
17518 
17519 
17520 
17521 
17522 
17523 
17524 
17525 
17526 
17527 
17528 
17529 
17530 
17531 
17532 
17533 
17534 
17535 
17536 
17537 
17538 
17539 
17540 
17541 
17542 
17543 
17544 
17545 
17546 
17547 
17548 
17549 
17550 
17551 
17552 
17553 
17554 
17555 
17556 
17557 
17558 
17559 
17560 
17561 
17562 
17563 
17564 
17565 
17566 
17567 
17568 
17569 
17570 
17571 
17572 
17573 
17574 
17575 
17576 
17577 
17578 
17579 
17580 
17581 
17582 
17583 
17584 
17585 
17586 
17587 
17588 
17589 
17590 
17591 
17592 
17593 
17594 
17595 
17596 
17597 
17598 
17599 
17600 
17601 
17602 
17603 
17604 
17605 
17606 
17607 
17608 
17609 
17610 
17611 
17612 
17613 
17614 
17615 
17616 
17617 
17618 
17619 
17620 
17621 
17622 
17623 
17624 
17625 
17626 
17627 
17628 
17629 
17630 
17631 
17632 
17633 
17634 
17635 
17636 
17637 
17638 
17639 
17640 
17641 
17642 
17643 
17644 
17645 
17646 
17647 
17648 
17649 
17650 
17651 
17652 
17653 
17654 
17655 
17656 
17657 
17658 
17659 
17660 
17661 
17662 
17663 
17664 
17665 
17666 
17667 
17668 
17669 
17670 
17671 
17672 
17673 
17674 
17675 
17676 
17677 
17678 
17679 
17680 
17681 
17682 
17683 
17684 
17685 
17686 
17687 
17688 
17689 
17690 
17691 
17692 
17693 
17694 
17695 
17696 
17697 
17698 
17699 
17700 
17701 
17702 
17703 
17704 
17705 
17706 
17707 
17708 
17709 
17710 
17711 
17712 
17713 
17714 
17715 
17716 
17717 
17718 
17719 
17720 
17721 
17722 
17723 
17724 
17725 
17726 
17727 
17728 
17729 
17730 
17731 
17732 
17733 
17734 
17735 
17736 
17737 
17738 
17739 
17740 
17741 
17742 
17743 
17744 
17745 
17746 
17747 
17748 
17749 
17750 
17751 
17752 
17753 
17754 
17755 
17756 
17757 
17758 
17759 
17760 
17761 
17762 
17763 
17764 
17765 
17766 
17767 
17768 
17769 
17770 
17771 
17772 
17773 
17774 
17775 
17776 
17777 
17778 
17779 
17780 
17781 
17782 
17783 
17784 
17785 
17786 
17787 
17788 
17789 
17790 
17791 
17792 
17793 
17794 
17795 
17796 
17797 
17798 
17799 
17800 
17801 
17802 
17803 
17804 
17805 
17806 
17807 
17808 
17809 
17810 
17811 
17812 
17813 
17814 
17815 
17816 
17817 
17818 
17819 
17820 
17821 
17822 
17823 
17824 
17825 
17826 
17827 
17828 
17829 
17830 
17831 
17832 
17833 
17834 
17835 
)

// ************************************************************************* //
