/*--------------------------------*- C++ -*----------------------------------*\
| =========                 |                                                 |
| \\      /  F ield         | OpenFOAM: The Open Source CFD Toolbox           |
|  \\    /   O peration     | Version:  2.4.0                                 |
|   \\  /    A nd           | Web:      www.OpenFOAM.org                      |
|    \\/     M anipulation  |                                                 |
\*---------------------------------------------------------------------------*/
FoamFile
{
    version     2.0;
    format      ascii;
    class       cellSet;
    location    "constant/polyMesh/sets";
    object      region72;
}
// * * * * * * * * * * * * * * * * * * * * * * * * * * * * * * * * * * * * * //


343
(
24696 
24697 
24698 
24699 
24700 
24701 
24702 
24703 
24704 
24705 
24706 
24707 
24708 
24709 
24710 
24711 
24712 
24713 
24714 
24715 
24716 
24717 
24718 
24719 
24720 
24721 
24722 
24723 
24724 
24725 
24726 
24727 
24728 
24729 
24730 
24731 
24732 
24733 
24734 
24735 
24736 
24737 
24738 
24739 
24740 
24741 
24742 
24743 
24744 
24745 
24746 
24747 
24748 
24749 
24750 
24751 
24752 
24753 
24754 
24755 
24756 
24757 
24758 
24759 
24760 
24761 
24762 
24763 
24764 
24765 
24766 
24767 
24768 
24769 
24770 
24771 
24772 
24773 
24774 
24775 
24776 
24777 
24778 
24779 
24780 
24781 
24782 
24783 
24784 
24785 
24786 
24787 
24788 
24789 
24790 
24791 
24792 
24793 
24794 
24795 
24796 
24797 
24798 
24799 
24800 
24801 
24802 
24803 
24804 
24805 
24806 
24807 
24808 
24809 
24810 
24811 
24812 
24813 
24814 
24815 
24816 
24817 
24818 
24819 
24820 
24821 
24822 
24823 
24824 
24825 
24826 
24827 
24828 
24829 
24830 
24831 
24832 
24833 
24834 
24835 
24836 
24837 
24838 
24839 
24840 
24841 
24842 
24843 
24844 
24845 
24846 
24847 
24848 
24849 
24850 
24851 
24852 
24853 
24854 
24855 
24856 
24857 
24858 
24859 
24860 
24861 
24862 
24863 
24864 
24865 
24866 
24867 
24868 
24869 
24870 
24871 
24872 
24873 
24874 
24875 
24876 
24877 
24878 
24879 
24880 
24881 
24882 
24883 
24884 
24885 
24886 
24887 
24888 
24889 
24890 
24891 
24892 
24893 
24894 
24895 
24896 
24897 
24898 
24899 
24900 
24901 
24902 
24903 
24904 
24905 
24906 
24907 
24908 
24909 
24910 
24911 
24912 
24913 
24914 
24915 
24916 
24917 
24918 
24919 
24920 
24921 
24922 
24923 
24924 
24925 
24926 
24927 
24928 
24929 
24930 
24931 
24932 
24933 
24934 
24935 
24936 
24937 
24938 
24939 
24940 
24941 
24942 
24943 
24944 
24945 
24946 
24947 
24948 
24949 
24950 
24951 
24952 
24953 
24954 
24955 
24956 
24957 
24958 
24959 
24960 
24961 
24962 
24963 
24964 
24965 
24966 
24967 
24968 
24969 
24970 
24971 
24972 
24973 
24974 
24975 
24976 
24977 
24978 
24979 
24980 
24981 
24982 
24983 
24984 
24985 
24986 
24987 
24988 
24989 
24990 
24991 
24992 
24993 
24994 
24995 
24996 
24997 
24998 
24999 
25000 
25001 
25002 
25003 
25004 
25005 
25006 
25007 
25008 
25009 
25010 
25011 
25012 
25013 
25014 
25015 
25016 
25017 
25018 
25019 
25020 
25021 
25022 
25023 
25024 
25025 
25026 
25027 
25028 
25029 
25030 
25031 
25032 
25033 
25034 
25035 
25036 
25037 
25038 
)

// ************************************************************************* //
