/*--------------------------------*- C++ -*----------------------------------*\
| =========                 |                                                 |
| \\      /  F ield         | OpenFOAM: The Open Source CFD Toolbox           |
|  \\    /   O peration     | Version:  2.4.0                                 |
|   \\  /    A nd           | Web:      www.OpenFOAM.org                      |
|    \\/     M anipulation  |                                                 |
\*---------------------------------------------------------------------------*/
FoamFile
{
    version     2.0;
    format      ascii;
    class       cellSet;
    location    "constant/polyMesh/sets";
    object      region163;
}
// * * * * * * * * * * * * * * * * * * * * * * * * * * * * * * * * * * * * * //


343
(
55909 
55910 
55911 
55912 
55913 
55914 
55915 
55916 
55917 
55918 
55919 
55920 
55921 
55922 
55923 
55924 
55925 
55926 
55927 
55928 
55929 
55930 
55931 
55932 
55933 
55934 
55935 
55936 
55937 
55938 
55939 
55940 
55941 
55942 
55943 
55944 
55945 
55946 
55947 
55948 
55949 
55950 
55951 
55952 
55953 
55954 
55955 
55956 
55957 
55958 
55959 
55960 
55961 
55962 
55963 
55964 
55965 
55966 
55967 
55968 
55969 
55970 
55971 
55972 
55973 
55974 
55975 
55976 
55977 
55978 
55979 
55980 
55981 
55982 
55983 
55984 
55985 
55986 
55987 
55988 
55989 
55990 
55991 
55992 
55993 
55994 
55995 
55996 
55997 
55998 
55999 
56000 
56001 
56002 
56003 
56004 
56005 
56006 
56007 
56008 
56009 
56010 
56011 
56012 
56013 
56014 
56015 
56016 
56017 
56018 
56019 
56020 
56021 
56022 
56023 
56024 
56025 
56026 
56027 
56028 
56029 
56030 
56031 
56032 
56033 
56034 
56035 
56036 
56037 
56038 
56039 
56040 
56041 
56042 
56043 
56044 
56045 
56046 
56047 
56048 
56049 
56050 
56051 
56052 
56053 
56054 
56055 
56056 
56057 
56058 
56059 
56060 
56061 
56062 
56063 
56064 
56065 
56066 
56067 
56068 
56069 
56070 
56071 
56072 
56073 
56074 
56075 
56076 
56077 
56078 
56079 
56080 
56081 
56082 
56083 
56084 
56085 
56086 
56087 
56088 
56089 
56090 
56091 
56092 
56093 
56094 
56095 
56096 
56097 
56098 
56099 
56100 
56101 
56102 
56103 
56104 
56105 
56106 
56107 
56108 
56109 
56110 
56111 
56112 
56113 
56114 
56115 
56116 
56117 
56118 
56119 
56120 
56121 
56122 
56123 
56124 
56125 
56126 
56127 
56128 
56129 
56130 
56131 
56132 
56133 
56134 
56135 
56136 
56137 
56138 
56139 
56140 
56141 
56142 
56143 
56144 
56145 
56146 
56147 
56148 
56149 
56150 
56151 
56152 
56153 
56154 
56155 
56156 
56157 
56158 
56159 
56160 
56161 
56162 
56163 
56164 
56165 
56166 
56167 
56168 
56169 
56170 
56171 
56172 
56173 
56174 
56175 
56176 
56177 
56178 
56179 
56180 
56181 
56182 
56183 
56184 
56185 
56186 
56187 
56188 
56189 
56190 
56191 
56192 
56193 
56194 
56195 
56196 
56197 
56198 
56199 
56200 
56201 
56202 
56203 
56204 
56205 
56206 
56207 
56208 
56209 
56210 
56211 
56212 
56213 
56214 
56215 
56216 
56217 
56218 
56219 
56220 
56221 
56222 
56223 
56224 
56225 
56226 
56227 
56228 
56229 
56230 
56231 
56232 
56233 
56234 
56235 
56236 
56237 
56238 
56239 
56240 
56241 
56242 
56243 
56244 
56245 
56246 
56247 
56248 
56249 
56250 
56251 
)

// ************************************************************************* //
