/*--------------------------------*- C++ -*----------------------------------*\
| =========                 |                                                 |
| \\      /  F ield         | OpenFOAM: The Open Source CFD Toolbox           |
|  \\    /   O peration     | Version:  2.4.0                                 |
|   \\  /    A nd           | Web:      www.OpenFOAM.org                      |
|    \\/     M anipulation  |                                                 |
\*---------------------------------------------------------------------------*/
FoamFile
{
    version     2.0;
    format      ascii;
    class       cellSet;
    location    "constant/polyMesh/sets";
    object      region127;
}
// * * * * * * * * * * * * * * * * * * * * * * * * * * * * * * * * * * * * * //


343
(
43561 
43562 
43563 
43564 
43565 
43566 
43567 
43568 
43569 
43570 
43571 
43572 
43573 
43574 
43575 
43576 
43577 
43578 
43579 
43580 
43581 
43582 
43583 
43584 
43585 
43586 
43587 
43588 
43589 
43590 
43591 
43592 
43593 
43594 
43595 
43596 
43597 
43598 
43599 
43600 
43601 
43602 
43603 
43604 
43605 
43606 
43607 
43608 
43609 
43610 
43611 
43612 
43613 
43614 
43615 
43616 
43617 
43618 
43619 
43620 
43621 
43622 
43623 
43624 
43625 
43626 
43627 
43628 
43629 
43630 
43631 
43632 
43633 
43634 
43635 
43636 
43637 
43638 
43639 
43640 
43641 
43642 
43643 
43644 
43645 
43646 
43647 
43648 
43649 
43650 
43651 
43652 
43653 
43654 
43655 
43656 
43657 
43658 
43659 
43660 
43661 
43662 
43663 
43664 
43665 
43666 
43667 
43668 
43669 
43670 
43671 
43672 
43673 
43674 
43675 
43676 
43677 
43678 
43679 
43680 
43681 
43682 
43683 
43684 
43685 
43686 
43687 
43688 
43689 
43690 
43691 
43692 
43693 
43694 
43695 
43696 
43697 
43698 
43699 
43700 
43701 
43702 
43703 
43704 
43705 
43706 
43707 
43708 
43709 
43710 
43711 
43712 
43713 
43714 
43715 
43716 
43717 
43718 
43719 
43720 
43721 
43722 
43723 
43724 
43725 
43726 
43727 
43728 
43729 
43730 
43731 
43732 
43733 
43734 
43735 
43736 
43737 
43738 
43739 
43740 
43741 
43742 
43743 
43744 
43745 
43746 
43747 
43748 
43749 
43750 
43751 
43752 
43753 
43754 
43755 
43756 
43757 
43758 
43759 
43760 
43761 
43762 
43763 
43764 
43765 
43766 
43767 
43768 
43769 
43770 
43771 
43772 
43773 
43774 
43775 
43776 
43777 
43778 
43779 
43780 
43781 
43782 
43783 
43784 
43785 
43786 
43787 
43788 
43789 
43790 
43791 
43792 
43793 
43794 
43795 
43796 
43797 
43798 
43799 
43800 
43801 
43802 
43803 
43804 
43805 
43806 
43807 
43808 
43809 
43810 
43811 
43812 
43813 
43814 
43815 
43816 
43817 
43818 
43819 
43820 
43821 
43822 
43823 
43824 
43825 
43826 
43827 
43828 
43829 
43830 
43831 
43832 
43833 
43834 
43835 
43836 
43837 
43838 
43839 
43840 
43841 
43842 
43843 
43844 
43845 
43846 
43847 
43848 
43849 
43850 
43851 
43852 
43853 
43854 
43855 
43856 
43857 
43858 
43859 
43860 
43861 
43862 
43863 
43864 
43865 
43866 
43867 
43868 
43869 
43870 
43871 
43872 
43873 
43874 
43875 
43876 
43877 
43878 
43879 
43880 
43881 
43882 
43883 
43884 
43885 
43886 
43887 
43888 
43889 
43890 
43891 
43892 
43893 
43894 
43895 
43896 
43897 
43898 
43899 
43900 
43901 
43902 
43903 
)

// ************************************************************************* //
