/*--------------------------------*- C++ -*----------------------------------*\
| =========                 |                                                 |
| \\      /  F ield         | OpenFOAM: The Open Source CFD Toolbox           |
|  \\    /   O peration     | Version:  2.4.0                                 |
|   \\  /    A nd           | Web:      www.OpenFOAM.org                      |
|    \\/     M anipulation  |                                                 |
\*---------------------------------------------------------------------------*/
FoamFile
{
    version     2.0;
    format      ascii;
    class       cellSet;
    location    "constant/polyMesh/sets";
    object      region178;
}
// * * * * * * * * * * * * * * * * * * * * * * * * * * * * * * * * * * * * * //


343
(
61054 
61055 
61056 
61057 
61058 
61059 
61060 
61061 
61062 
61063 
61064 
61065 
61066 
61067 
61068 
61069 
61070 
61071 
61072 
61073 
61074 
61075 
61076 
61077 
61078 
61079 
61080 
61081 
61082 
61083 
61084 
61085 
61086 
61087 
61088 
61089 
61090 
61091 
61092 
61093 
61094 
61095 
61096 
61097 
61098 
61099 
61100 
61101 
61102 
61103 
61104 
61105 
61106 
61107 
61108 
61109 
61110 
61111 
61112 
61113 
61114 
61115 
61116 
61117 
61118 
61119 
61120 
61121 
61122 
61123 
61124 
61125 
61126 
61127 
61128 
61129 
61130 
61131 
61132 
61133 
61134 
61135 
61136 
61137 
61138 
61139 
61140 
61141 
61142 
61143 
61144 
61145 
61146 
61147 
61148 
61149 
61150 
61151 
61152 
61153 
61154 
61155 
61156 
61157 
61158 
61159 
61160 
61161 
61162 
61163 
61164 
61165 
61166 
61167 
61168 
61169 
61170 
61171 
61172 
61173 
61174 
61175 
61176 
61177 
61178 
61179 
61180 
61181 
61182 
61183 
61184 
61185 
61186 
61187 
61188 
61189 
61190 
61191 
61192 
61193 
61194 
61195 
61196 
61197 
61198 
61199 
61200 
61201 
61202 
61203 
61204 
61205 
61206 
61207 
61208 
61209 
61210 
61211 
61212 
61213 
61214 
61215 
61216 
61217 
61218 
61219 
61220 
61221 
61222 
61223 
61224 
61225 
61226 
61227 
61228 
61229 
61230 
61231 
61232 
61233 
61234 
61235 
61236 
61237 
61238 
61239 
61240 
61241 
61242 
61243 
61244 
61245 
61246 
61247 
61248 
61249 
61250 
61251 
61252 
61253 
61254 
61255 
61256 
61257 
61258 
61259 
61260 
61261 
61262 
61263 
61264 
61265 
61266 
61267 
61268 
61269 
61270 
61271 
61272 
61273 
61274 
61275 
61276 
61277 
61278 
61279 
61280 
61281 
61282 
61283 
61284 
61285 
61286 
61287 
61288 
61289 
61290 
61291 
61292 
61293 
61294 
61295 
61296 
61297 
61298 
61299 
61300 
61301 
61302 
61303 
61304 
61305 
61306 
61307 
61308 
61309 
61310 
61311 
61312 
61313 
61314 
61315 
61316 
61317 
61318 
61319 
61320 
61321 
61322 
61323 
61324 
61325 
61326 
61327 
61328 
61329 
61330 
61331 
61332 
61333 
61334 
61335 
61336 
61337 
61338 
61339 
61340 
61341 
61342 
61343 
61344 
61345 
61346 
61347 
61348 
61349 
61350 
61351 
61352 
61353 
61354 
61355 
61356 
61357 
61358 
61359 
61360 
61361 
61362 
61363 
61364 
61365 
61366 
61367 
61368 
61369 
61370 
61371 
61372 
61373 
61374 
61375 
61376 
61377 
61378 
61379 
61380 
61381 
61382 
61383 
61384 
61385 
61386 
61387 
61388 
61389 
61390 
61391 
61392 
61393 
61394 
61395 
61396 
)

// ************************************************************************* //
