/*--------------------------------*- C++ -*----------------------------------*\
| =========                 |                                                 |
| \\      /  F ield         | OpenFOAM: The Open Source CFD Toolbox           |
|  \\    /   O peration     | Version:  2.4.0                                 |
|   \\  /    A nd           | Web:      www.OpenFOAM.org                      |
|    \\/     M anipulation  |                                                 |
\*---------------------------------------------------------------------------*/
FoamFile
{
    version     2.0;
    format      ascii;
    class       cellSet;
    location    "constant/polyMesh/sets";
    object      region170;
}
// * * * * * * * * * * * * * * * * * * * * * * * * * * * * * * * * * * * * * //


343
(
58368 
58369 
58370 
58371 
58372 
58373 
58374 
58375 
58376 
58377 
58378 
58379 
58380 
58381 
58382 
58383 
58384 
58385 
58386 
58387 
58388 
58389 
58390 
58391 
58392 
58393 
58394 
58395 
58396 
58397 
58398 
58399 
58400 
58401 
58402 
58403 
58404 
58405 
58406 
58407 
58408 
58409 
58410 
58411 
58412 
58413 
58414 
58415 
58416 
58417 
58418 
58419 
58420 
58421 
58422 
58423 
58424 
58425 
58426 
58427 
58428 
58429 
58430 
58431 
58432 
58433 
58434 
58435 
58436 
58437 
58438 
58439 
58440 
58441 
58442 
58443 
58444 
58445 
58446 
58447 
58448 
58449 
58450 
58451 
58452 
58453 
58454 
58455 
58456 
58457 
58458 
58459 
58460 
58461 
58462 
58463 
58464 
58465 
58466 
58467 
58468 
58469 
58470 
58471 
58472 
58473 
58474 
58475 
58476 
58477 
58478 
58479 
58480 
58481 
58482 
58483 
58484 
58485 
58486 
58487 
58488 
58489 
58490 
58491 
58492 
58493 
58494 
58495 
58496 
58497 
58498 
58499 
58500 
58501 
58502 
58503 
58504 
58505 
58506 
58507 
58508 
58509 
58510 
58511 
58512 
58513 
58514 
58515 
58516 
58517 
58518 
58519 
58520 
58521 
58522 
58523 
58524 
58525 
58526 
58527 
58528 
58529 
58530 
58531 
58532 
58533 
58534 
58535 
58536 
58537 
58538 
58539 
58540 
58541 
58542 
58543 
58544 
58545 
58546 
58547 
58548 
58549 
58550 
58551 
58552 
58553 
58554 
58555 
58556 
58557 
58558 
58559 
58560 
58561 
58562 
58563 
58564 
58565 
58566 
58567 
58568 
58569 
58570 
58571 
58572 
58573 
58574 
58575 
58576 
58577 
58578 
58579 
58580 
58581 
58582 
58583 
58584 
58585 
58586 
58587 
58588 
58589 
58590 
58591 
58592 
58593 
58594 
58595 
58596 
58597 
58598 
58599 
58600 
58601 
58602 
58603 
58604 
58605 
58606 
58607 
58608 
58609 
58610 
58611 
58612 
58613 
58614 
58615 
58616 
58617 
58618 
58619 
58620 
58621 
58622 
58623 
58624 
58625 
58626 
58627 
58628 
58629 
58630 
58631 
58632 
58633 
58634 
58635 
58636 
58637 
58638 
58639 
58640 
58641 
58642 
58643 
58644 
58645 
58646 
58647 
58648 
58649 
58650 
58651 
58652 
58310 
58311 
58312 
58313 
58314 
58315 
58316 
58317 
58318 
58319 
58320 
58321 
58322 
58323 
58324 
58325 
58326 
58327 
58328 
58329 
58330 
58331 
58332 
58333 
58334 
58335 
58336 
58337 
58338 
58339 
58340 
58341 
58342 
58343 
58344 
58345 
58346 
58347 
58348 
58349 
58350 
58351 
58352 
58353 
58354 
58355 
58356 
58357 
58358 
58359 
58360 
58361 
58362 
58363 
58364 
58365 
58366 
58367 
)

// ************************************************************************* //
