/*--------------------------------*- C++ -*----------------------------------*\
| =========                 |                                                 |
| \\      /  F ield         | OpenFOAM: The Open Source CFD Toolbox           |
|  \\    /   O peration     | Version:  2.4.0                                 |
|   \\  /    A nd           | Web:      www.OpenFOAM.org                      |
|    \\/     M anipulation  |                                                 |
\*---------------------------------------------------------------------------*/
FoamFile
{
    version     2.0;
    format      ascii;
    class       cellSet;
    location    "constant/polyMesh/sets";
    object      region83;
}
// * * * * * * * * * * * * * * * * * * * * * * * * * * * * * * * * * * * * * //


343
(
28672 
28673 
28674 
28675 
28676 
28677 
28678 
28679 
28680 
28681 
28682 
28683 
28684 
28685 
28686 
28687 
28688 
28689 
28690 
28691 
28692 
28693 
28694 
28695 
28696 
28697 
28698 
28699 
28700 
28701 
28702 
28703 
28704 
28705 
28706 
28707 
28708 
28709 
28710 
28711 
28712 
28713 
28714 
28715 
28716 
28717 
28718 
28719 
28720 
28721 
28722 
28723 
28724 
28725 
28726 
28727 
28728 
28729 
28730 
28731 
28732 
28733 
28734 
28735 
28736 
28737 
28738 
28739 
28740 
28741 
28742 
28743 
28744 
28745 
28746 
28747 
28748 
28749 
28750 
28751 
28752 
28753 
28754 
28755 
28756 
28757 
28758 
28759 
28760 
28761 
28762 
28763 
28764 
28765 
28766 
28767 
28768 
28769 
28770 
28771 
28772 
28773 
28774 
28775 
28776 
28777 
28778 
28779 
28780 
28781 
28782 
28783 
28784 
28785 
28786 
28787 
28788 
28789 
28790 
28791 
28792 
28793 
28794 
28795 
28796 
28797 
28798 
28799 
28800 
28801 
28802 
28803 
28804 
28805 
28806 
28807 
28808 
28809 
28810 
28811 
28469 
28470 
28471 
28472 
28473 
28474 
28475 
28476 
28477 
28478 
28479 
28480 
28481 
28482 
28483 
28484 
28485 
28486 
28487 
28488 
28489 
28490 
28491 
28492 
28493 
28494 
28495 
28496 
28497 
28498 
28499 
28500 
28501 
28502 
28503 
28504 
28505 
28506 
28507 
28508 
28509 
28510 
28511 
28512 
28513 
28514 
28515 
28516 
28517 
28518 
28519 
28520 
28521 
28522 
28523 
28524 
28525 
28526 
28527 
28528 
28529 
28530 
28531 
28532 
28533 
28534 
28535 
28536 
28537 
28538 
28539 
28540 
28541 
28542 
28543 
28544 
28545 
28546 
28547 
28548 
28549 
28550 
28551 
28552 
28553 
28554 
28555 
28556 
28557 
28558 
28559 
28560 
28561 
28562 
28563 
28564 
28565 
28566 
28567 
28568 
28569 
28570 
28571 
28572 
28573 
28574 
28575 
28576 
28577 
28578 
28579 
28580 
28581 
28582 
28583 
28584 
28585 
28586 
28587 
28588 
28589 
28590 
28591 
28592 
28593 
28594 
28595 
28596 
28597 
28598 
28599 
28600 
28601 
28602 
28603 
28604 
28605 
28606 
28607 
28608 
28609 
28610 
28611 
28612 
28613 
28614 
28615 
28616 
28617 
28618 
28619 
28620 
28621 
28622 
28623 
28624 
28625 
28626 
28627 
28628 
28629 
28630 
28631 
28632 
28633 
28634 
28635 
28636 
28637 
28638 
28639 
28640 
28641 
28642 
28643 
28644 
28645 
28646 
28647 
28648 
28649 
28650 
28651 
28652 
28653 
28654 
28655 
28656 
28657 
28658 
28659 
28660 
28661 
28662 
28663 
28664 
28665 
28666 
28667 
28668 
28669 
28670 
28671 
)

// ************************************************************************* //
