/*--------------------------------*- C++ -*----------------------------------*\
| =========                 |                                                 |
| \\      /  F ield         | OpenFOAM: The Open Source CFD Toolbox           |
|  \\    /   O peration     | Version:  2.4.0                                 |
|   \\  /    A nd           | Web:      www.OpenFOAM.org                      |
|    \\/     M anipulation  |                                                 |
\*---------------------------------------------------------------------------*/
FoamFile
{
    version     2.0;
    format      ascii;
    class       cellSet;
    location    "constant/polyMesh/sets";
    object      region154;
}
// * * * * * * * * * * * * * * * * * * * * * * * * * * * * * * * * * * * * * //


343
(
52822 
52823 
52824 
52825 
52826 
52827 
52828 
52829 
52830 
52831 
52832 
52833 
52834 
52835 
52836 
52837 
52838 
52839 
52840 
52841 
52842 
52843 
52844 
52845 
52846 
52847 
52848 
52849 
52850 
52851 
52852 
52853 
52854 
52855 
52856 
52857 
52858 
52859 
52860 
52861 
52862 
52863 
52864 
52865 
52866 
52867 
52868 
52869 
52870 
52871 
52872 
52873 
52874 
52875 
52876 
52877 
52878 
52879 
52880 
52881 
52882 
52883 
52884 
52885 
52886 
52887 
52888 
52889 
52890 
52891 
52892 
52893 
52894 
52895 
52896 
52897 
52898 
52899 
52900 
52901 
52902 
52903 
52904 
52905 
52906 
52907 
52908 
52909 
52910 
52911 
52912 
52913 
52914 
52915 
52916 
52917 
52918 
52919 
52920 
52921 
52922 
52923 
52924 
52925 
52926 
52927 
52928 
52929 
52930 
52931 
52932 
52933 
52934 
52935 
52936 
52937 
52938 
52939 
52940 
52941 
52942 
52943 
52944 
52945 
52946 
52947 
52948 
52949 
52950 
52951 
52952 
52953 
52954 
52955 
52956 
52957 
52958 
52959 
52960 
52961 
52962 
52963 
52964 
52965 
52966 
52967 
52968 
52969 
52970 
52971 
52972 
52973 
52974 
52975 
52976 
52977 
52978 
52979 
52980 
52981 
52982 
52983 
52984 
52985 
52986 
52987 
52988 
52989 
52990 
52991 
52992 
52993 
52994 
52995 
52996 
52997 
52998 
52999 
53000 
53001 
53002 
53003 
53004 
53005 
53006 
53007 
53008 
53009 
53010 
53011 
53012 
53013 
53014 
53015 
53016 
53017 
53018 
53019 
53020 
53021 
53022 
53023 
53024 
53025 
53026 
53027 
53028 
53029 
53030 
53031 
53032 
53033 
53034 
53035 
53036 
53037 
53038 
53039 
53040 
53041 
53042 
53043 
53044 
53045 
53046 
53047 
53048 
53049 
53050 
53051 
53052 
53053 
53054 
53055 
53056 
53057 
53058 
53059 
53060 
53061 
53062 
53063 
53064 
53065 
53066 
53067 
53068 
53069 
53070 
53071 
53072 
53073 
53074 
53075 
53076 
53077 
53078 
53079 
53080 
53081 
53082 
53083 
53084 
53085 
53086 
53087 
53088 
53089 
53090 
53091 
53092 
53093 
53094 
53095 
53096 
53097 
53098 
53099 
53100 
53101 
53102 
53103 
53104 
53105 
53106 
53107 
53108 
53109 
53110 
53111 
53112 
53113 
53114 
53115 
53116 
53117 
53118 
53119 
53120 
53121 
53122 
53123 
53124 
53125 
53126 
53127 
53128 
53129 
53130 
53131 
53132 
53133 
53134 
53135 
53136 
53137 
53138 
53139 
53140 
53141 
53142 
53143 
53144 
53145 
53146 
53147 
53148 
53149 
53150 
53151 
53152 
53153 
53154 
53155 
53156 
53157 
53158 
53159 
53160 
53161 
53162 
53163 
53164 
)

// ************************************************************************* //
