/*--------------------------------*- C++ -*----------------------------------*\
| =========                 |                                                 |
| \\      /  F ield         | OpenFOAM: The Open Source CFD Toolbox           |
|  \\    /   O peration     | Version:  2.4.0                                 |
|   \\  /    A nd           | Web:      www.OpenFOAM.org                      |
|    \\/     M anipulation  |                                                 |
\*---------------------------------------------------------------------------*/
FoamFile
{
    version     2.0;
    format      ascii;
    class       cellSet;
    location    "constant/polyMesh/sets";
    object      region121;
}
// * * * * * * * * * * * * * * * * * * * * * * * * * * * * * * * * * * * * * //


343
(
41503 
41504 
41505 
41506 
41507 
41508 
41509 
41510 
41511 
41512 
41513 
41514 
41515 
41516 
41517 
41518 
41519 
41520 
41521 
41522 
41523 
41524 
41525 
41526 
41527 
41528 
41529 
41530 
41531 
41532 
41533 
41534 
41535 
41536 
41537 
41538 
41539 
41540 
41541 
41542 
41543 
41544 
41545 
41546 
41547 
41548 
41549 
41550 
41551 
41552 
41553 
41554 
41555 
41556 
41557 
41558 
41559 
41560 
41561 
41562 
41563 
41564 
41565 
41566 
41567 
41568 
41569 
41570 
41571 
41572 
41573 
41574 
41575 
41576 
41577 
41578 
41579 
41580 
41581 
41582 
41583 
41584 
41585 
41586 
41587 
41588 
41589 
41590 
41591 
41592 
41593 
41594 
41595 
41596 
41597 
41598 
41599 
41600 
41601 
41602 
41603 
41604 
41605 
41606 
41607 
41608 
41609 
41610 
41611 
41612 
41613 
41614 
41615 
41616 
41617 
41618 
41619 
41620 
41621 
41622 
41623 
41624 
41625 
41626 
41627 
41628 
41629 
41630 
41631 
41632 
41633 
41634 
41635 
41636 
41637 
41638 
41639 
41640 
41641 
41642 
41643 
41644 
41645 
41646 
41647 
41648 
41649 
41650 
41651 
41652 
41653 
41654 
41655 
41656 
41657 
41658 
41659 
41660 
41661 
41662 
41663 
41664 
41665 
41666 
41667 
41668 
41669 
41670 
41671 
41672 
41673 
41674 
41675 
41676 
41677 
41678 
41679 
41680 
41681 
41682 
41683 
41684 
41685 
41686 
41687 
41688 
41689 
41690 
41691 
41692 
41693 
41694 
41695 
41696 
41697 
41698 
41699 
41700 
41701 
41702 
41703 
41704 
41705 
41706 
41707 
41708 
41709 
41710 
41711 
41712 
41713 
41714 
41715 
41716 
41717 
41718 
41719 
41720 
41721 
41722 
41723 
41724 
41725 
41726 
41727 
41728 
41729 
41730 
41731 
41732 
41733 
41734 
41735 
41736 
41737 
41738 
41739 
41740 
41741 
41742 
41743 
41744 
41745 
41746 
41747 
41748 
41749 
41750 
41751 
41752 
41753 
41754 
41755 
41756 
41757 
41758 
41759 
41760 
41761 
41762 
41763 
41764 
41765 
41766 
41767 
41768 
41769 
41770 
41771 
41772 
41773 
41774 
41775 
41776 
41777 
41778 
41779 
41780 
41781 
41782 
41783 
41784 
41785 
41786 
41787 
41788 
41789 
41790 
41791 
41792 
41793 
41794 
41795 
41796 
41797 
41798 
41799 
41800 
41801 
41802 
41803 
41804 
41805 
41806 
41807 
41808 
41809 
41810 
41811 
41812 
41813 
41814 
41815 
41816 
41817 
41818 
41819 
41820 
41821 
41822 
41823 
41824 
41825 
41826 
41827 
41828 
41829 
41830 
41831 
41832 
41833 
41834 
41835 
41836 
41837 
41838 
41839 
41840 
41841 
41842 
41843 
41844 
41845 
)

// ************************************************************************* //
