/*--------------------------------*- C++ -*----------------------------------*\
| =========                 |                                                 |
| \\      /  F ield         | OpenFOAM: The Open Source CFD Toolbox           |
|  \\    /   O peration     | Version:  2.4.0                                 |
|   \\  /    A nd           | Web:      www.OpenFOAM.org                      |
|    \\/     M anipulation  |                                                 |
\*---------------------------------------------------------------------------*/
FoamFile
{
    version     2.0;
    format      ascii;
    class       cellSet;
    location    "constant/polyMesh/sets";
    object      region162;
}
// * * * * * * * * * * * * * * * * * * * * * * * * * * * * * * * * * * * * * //


343
(
55566 
55567 
55568 
55569 
55570 
55571 
55572 
55573 
55574 
55575 
55576 
55577 
55578 
55579 
55580 
55581 
55582 
55583 
55584 
55585 
55586 
55587 
55588 
55589 
55590 
55591 
55592 
55593 
55594 
55595 
55596 
55597 
55598 
55599 
55600 
55601 
55602 
55603 
55604 
55605 
55606 
55607 
55608 
55609 
55610 
55611 
55612 
55613 
55614 
55615 
55616 
55617 
55618 
55619 
55620 
55621 
55622 
55623 
55624 
55625 
55626 
55627 
55628 
55629 
55630 
55631 
55632 
55633 
55634 
55635 
55636 
55637 
55638 
55639 
55640 
55641 
55642 
55643 
55644 
55645 
55646 
55647 
55648 
55649 
55650 
55651 
55652 
55653 
55654 
55655 
55656 
55657 
55658 
55659 
55660 
55661 
55662 
55663 
55664 
55665 
55666 
55667 
55668 
55669 
55670 
55671 
55672 
55673 
55674 
55675 
55676 
55677 
55678 
55679 
55680 
55681 
55682 
55683 
55684 
55685 
55686 
55687 
55688 
55689 
55690 
55691 
55692 
55693 
55694 
55695 
55696 
55697 
55698 
55699 
55700 
55701 
55702 
55703 
55704 
55705 
55706 
55707 
55708 
55709 
55710 
55711 
55712 
55713 
55714 
55715 
55716 
55717 
55718 
55719 
55720 
55721 
55722 
55723 
55724 
55725 
55726 
55727 
55728 
55729 
55730 
55731 
55732 
55733 
55734 
55735 
55736 
55737 
55738 
55739 
55740 
55741 
55742 
55743 
55744 
55745 
55746 
55747 
55748 
55749 
55750 
55751 
55752 
55753 
55754 
55755 
55756 
55757 
55758 
55759 
55760 
55761 
55762 
55763 
55764 
55765 
55766 
55767 
55768 
55769 
55770 
55771 
55772 
55773 
55774 
55775 
55776 
55777 
55778 
55779 
55780 
55781 
55782 
55783 
55784 
55785 
55786 
55787 
55788 
55789 
55790 
55791 
55792 
55793 
55794 
55795 
55796 
55797 
55798 
55799 
55800 
55801 
55802 
55803 
55804 
55805 
55806 
55807 
55808 
55809 
55810 
55811 
55812 
55813 
55814 
55815 
55816 
55817 
55818 
55819 
55820 
55821 
55822 
55823 
55824 
55825 
55826 
55827 
55828 
55829 
55830 
55831 
55832 
55833 
55834 
55835 
55836 
55837 
55838 
55839 
55840 
55841 
55842 
55843 
55844 
55845 
55846 
55847 
55848 
55849 
55850 
55851 
55852 
55853 
55854 
55855 
55856 
55857 
55858 
55859 
55860 
55861 
55862 
55863 
55864 
55865 
55866 
55867 
55868 
55869 
55870 
55871 
55872 
55873 
55874 
55875 
55876 
55877 
55878 
55879 
55880 
55881 
55882 
55883 
55884 
55885 
55886 
55887 
55888 
55889 
55890 
55891 
55892 
55893 
55894 
55895 
55896 
55897 
55898 
55899 
55900 
55901 
55902 
55903 
55904 
55905 
55906 
55907 
55908 
)

// ************************************************************************* //
