/*--------------------------------*- C++ -*----------------------------------*\
| =========                 |                                                 |
| \\      /  F ield         | OpenFOAM: The Open Source CFD Toolbox           |
|  \\    /   O peration     | Version:  2.4.0                                 |
|   \\  /    A nd           | Web:      www.OpenFOAM.org                      |
|    \\/     M anipulation  |                                                 |
\*---------------------------------------------------------------------------*/
FoamFile
{
    version     2.0;
    format      ascii;
    class       cellSet;
    location    "constant/polyMesh/sets";
    object      region79;
}
// * * * * * * * * * * * * * * * * * * * * * * * * * * * * * * * * * * * * * //


343
(
27097 
27098 
27099 
27100 
27101 
27102 
27103 
27104 
27105 
27106 
27107 
27108 
27109 
27110 
27111 
27112 
27113 
27114 
27115 
27116 
27117 
27118 
27119 
27120 
27121 
27122 
27123 
27124 
27125 
27126 
27127 
27128 
27129 
27130 
27131 
27132 
27133 
27134 
27135 
27136 
27137 
27138 
27139 
27140 
27141 
27142 
27143 
27144 
27145 
27146 
27147 
27148 
27149 
27150 
27151 
27152 
27153 
27154 
27155 
27156 
27157 
27158 
27159 
27160 
27161 
27162 
27163 
27164 
27165 
27166 
27167 
27168 
27169 
27170 
27171 
27172 
27173 
27174 
27175 
27176 
27177 
27178 
27179 
27180 
27181 
27182 
27183 
27184 
27185 
27186 
27187 
27188 
27189 
27190 
27191 
27192 
27193 
27194 
27195 
27196 
27197 
27198 
27199 
27200 
27201 
27202 
27203 
27204 
27205 
27206 
27207 
27208 
27209 
27210 
27211 
27212 
27213 
27214 
27215 
27216 
27217 
27218 
27219 
27220 
27221 
27222 
27223 
27224 
27225 
27226 
27227 
27228 
27229 
27230 
27231 
27232 
27233 
27234 
27235 
27236 
27237 
27238 
27239 
27240 
27241 
27242 
27243 
27244 
27245 
27246 
27247 
27248 
27249 
27250 
27251 
27252 
27253 
27254 
27255 
27256 
27257 
27258 
27259 
27260 
27261 
27262 
27263 
27264 
27265 
27266 
27267 
27268 
27269 
27270 
27271 
27272 
27273 
27274 
27275 
27276 
27277 
27278 
27279 
27280 
27281 
27282 
27283 
27284 
27285 
27286 
27287 
27288 
27289 
27290 
27291 
27292 
27293 
27294 
27295 
27296 
27297 
27298 
27299 
27300 
27301 
27302 
27303 
27304 
27305 
27306 
27307 
27308 
27309 
27310 
27311 
27312 
27313 
27314 
27315 
27316 
27317 
27318 
27319 
27320 
27321 
27322 
27323 
27324 
27325 
27326 
27327 
27328 
27329 
27330 
27331 
27332 
27333 
27334 
27335 
27336 
27337 
27338 
27339 
27340 
27341 
27342 
27343 
27344 
27345 
27346 
27347 
27348 
27349 
27350 
27351 
27352 
27353 
27354 
27355 
27356 
27357 
27358 
27359 
27360 
27361 
27362 
27363 
27364 
27365 
27366 
27367 
27368 
27369 
27370 
27371 
27372 
27373 
27374 
27375 
27376 
27377 
27378 
27379 
27380 
27381 
27382 
27383 
27384 
27385 
27386 
27387 
27388 
27389 
27390 
27391 
27392 
27393 
27394 
27395 
27396 
27397 
27398 
27399 
27400 
27401 
27402 
27403 
27404 
27405 
27406 
27407 
27408 
27409 
27410 
27411 
27412 
27413 
27414 
27415 
27416 
27417 
27418 
27419 
27420 
27421 
27422 
27423 
27424 
27425 
27426 
27427 
27428 
27429 
27430 
27431 
27432 
27433 
27434 
27435 
27436 
27437 
27438 
27439 
)

// ************************************************************************* //
