/*--------------------------------*- C++ -*----------------------------------*\
| =========                 |                                                 |
| \\      /  F ield         | OpenFOAM: The Open Source CFD Toolbox           |
|  \\    /   O peration     | Version:  2.4.0                                 |
|   \\  /    A nd           | Web:      www.OpenFOAM.org                      |
|    \\/     M anipulation  |                                                 |
\*---------------------------------------------------------------------------*/
FoamFile
{
    version     2.0;
    format      ascii;
    class       cellSet;
    location    "constant/polyMesh/sets";
    object      region119;
}
// * * * * * * * * * * * * * * * * * * * * * * * * * * * * * * * * * * * * * //


343
(
40960 
40961 
40962 
40963 
40964 
40965 
40966 
40967 
40968 
40969 
40970 
40971 
40972 
40973 
40974 
40975 
40976 
40977 
40978 
40979 
40980 
40981 
40982 
40983 
40984 
40985 
40986 
40987 
40988 
40989 
40990 
40991 
40992 
40993 
40994 
40995 
40996 
40997 
40998 
40999 
41000 
41001 
41002 
41003 
41004 
41005 
41006 
41007 
41008 
41009 
41010 
41011 
41012 
41013 
41014 
41015 
41016 
41017 
41018 
41019 
41020 
41021 
41022 
41023 
41024 
41025 
41026 
41027 
41028 
41029 
41030 
41031 
41032 
41033 
41034 
41035 
41036 
41037 
41038 
41039 
41040 
41041 
41042 
41043 
41044 
41045 
41046 
41047 
41048 
41049 
41050 
41051 
41052 
41053 
41054 
41055 
41056 
41057 
41058 
41059 
41060 
41061 
41062 
41063 
41064 
41065 
41066 
41067 
41068 
41069 
41070 
41071 
41072 
41073 
41074 
41075 
41076 
41077 
41078 
41079 
41080 
41081 
41082 
41083 
41084 
41085 
41086 
41087 
41088 
41089 
41090 
41091 
41092 
41093 
41094 
41095 
41096 
41097 
41098 
41099 
41100 
41101 
41102 
41103 
41104 
41105 
41106 
41107 
41108 
41109 
41110 
41111 
41112 
41113 
41114 
41115 
41116 
41117 
41118 
41119 
41120 
41121 
41122 
41123 
41124 
41125 
41126 
41127 
41128 
41129 
41130 
41131 
41132 
41133 
41134 
41135 
41136 
41137 
41138 
41139 
41140 
41141 
41142 
41143 
41144 
41145 
41146 
41147 
41148 
41149 
41150 
41151 
41152 
41153 
41154 
41155 
41156 
41157 
41158 
41159 
40817 
40818 
40819 
40820 
40821 
40822 
40823 
40824 
40825 
40826 
40827 
40828 
40829 
40830 
40831 
40832 
40833 
40834 
40835 
40836 
40837 
40838 
40839 
40840 
40841 
40842 
40843 
40844 
40845 
40846 
40847 
40848 
40849 
40850 
40851 
40852 
40853 
40854 
40855 
40856 
40857 
40858 
40859 
40860 
40861 
40862 
40863 
40864 
40865 
40866 
40867 
40868 
40869 
40870 
40871 
40872 
40873 
40874 
40875 
40876 
40877 
40878 
40879 
40880 
40881 
40882 
40883 
40884 
40885 
40886 
40887 
40888 
40889 
40890 
40891 
40892 
40893 
40894 
40895 
40896 
40897 
40898 
40899 
40900 
40901 
40902 
40903 
40904 
40905 
40906 
40907 
40908 
40909 
40910 
40911 
40912 
40913 
40914 
40915 
40916 
40917 
40918 
40919 
40920 
40921 
40922 
40923 
40924 
40925 
40926 
40927 
40928 
40929 
40930 
40931 
40932 
40933 
40934 
40935 
40936 
40937 
40938 
40939 
40940 
40941 
40942 
40943 
40944 
40945 
40946 
40947 
40948 
40949 
40950 
40951 
40952 
40953 
40954 
40955 
40956 
40957 
40958 
40959 
)

// ************************************************************************* //
