/*--------------------------------*- C++ -*----------------------------------*\
| =========                 |                                                 |
| \\      /  F ield         | OpenFOAM: The Open Source CFD Toolbox           |
|  \\    /   O peration     | Version:  2.4.0                                 |
|   \\  /    A nd           | Web:      www.OpenFOAM.org                      |
|    \\/     M anipulation  |                                                 |
\*---------------------------------------------------------------------------*/
FoamFile
{
    version     2.0;
    format      ascii;
    class       cellSet;
    location    "constant/polyMesh/sets";
    object      region159;
}
// * * * * * * * * * * * * * * * * * * * * * * * * * * * * * * * * * * * * * //


343
(
54537 
54538 
54539 
54540 
54541 
54542 
54543 
54544 
54545 
54546 
54547 
54548 
54549 
54550 
54551 
54552 
54553 
54554 
54555 
54556 
54557 
54558 
54559 
54560 
54561 
54562 
54563 
54564 
54565 
54566 
54567 
54568 
54569 
54570 
54571 
54572 
54573 
54574 
54575 
54576 
54577 
54578 
54579 
54580 
54581 
54582 
54583 
54584 
54585 
54586 
54587 
54588 
54589 
54590 
54591 
54592 
54593 
54594 
54595 
54596 
54597 
54598 
54599 
54600 
54601 
54602 
54603 
54604 
54605 
54606 
54607 
54608 
54609 
54610 
54611 
54612 
54613 
54614 
54615 
54616 
54617 
54618 
54619 
54620 
54621 
54622 
54623 
54624 
54625 
54626 
54627 
54628 
54629 
54630 
54631 
54632 
54633 
54634 
54635 
54636 
54637 
54638 
54639 
54640 
54641 
54642 
54643 
54644 
54645 
54646 
54647 
54648 
54649 
54650 
54651 
54652 
54653 
54654 
54655 
54656 
54657 
54658 
54659 
54660 
54661 
54662 
54663 
54664 
54665 
54666 
54667 
54668 
54669 
54670 
54671 
54672 
54673 
54674 
54675 
54676 
54677 
54678 
54679 
54680 
54681 
54682 
54683 
54684 
54685 
54686 
54687 
54688 
54689 
54690 
54691 
54692 
54693 
54694 
54695 
54696 
54697 
54698 
54699 
54700 
54701 
54702 
54703 
54704 
54705 
54706 
54707 
54708 
54709 
54710 
54711 
54712 
54713 
54714 
54715 
54716 
54717 
54718 
54719 
54720 
54721 
54722 
54723 
54724 
54725 
54726 
54727 
54728 
54729 
54730 
54731 
54732 
54733 
54734 
54735 
54736 
54737 
54738 
54739 
54740 
54741 
54742 
54743 
54744 
54745 
54746 
54747 
54748 
54749 
54750 
54751 
54752 
54753 
54754 
54755 
54756 
54757 
54758 
54759 
54760 
54761 
54762 
54763 
54764 
54765 
54766 
54767 
54768 
54769 
54770 
54771 
54772 
54773 
54774 
54775 
54776 
54777 
54778 
54779 
54780 
54781 
54782 
54783 
54784 
54785 
54786 
54787 
54788 
54789 
54790 
54791 
54792 
54793 
54794 
54795 
54796 
54797 
54798 
54799 
54800 
54801 
54802 
54803 
54804 
54805 
54806 
54807 
54808 
54809 
54810 
54811 
54812 
54813 
54814 
54815 
54816 
54817 
54818 
54819 
54820 
54821 
54822 
54823 
54824 
54825 
54826 
54827 
54828 
54829 
54830 
54831 
54832 
54833 
54834 
54835 
54836 
54837 
54838 
54839 
54840 
54841 
54842 
54843 
54844 
54845 
54846 
54847 
54848 
54849 
54850 
54851 
54852 
54853 
54854 
54855 
54856 
54857 
54858 
54859 
54860 
54861 
54862 
54863 
54864 
54865 
54866 
54867 
54868 
54869 
54870 
54871 
54872 
54873 
54874 
54875 
54876 
54877 
54878 
54879 
)

// ************************************************************************* //
