/*--------------------------------*- C++ -*----------------------------------*\
| =========                 |                                                 |
| \\      /  F ield         | OpenFOAM: The Open Source CFD Toolbox           |
|  \\    /   O peration     | Version:  2.4.0                                 |
|   \\  /    A nd           | Web:      www.OpenFOAM.org                      |
|    \\/     M anipulation  |                                                 |
\*---------------------------------------------------------------------------*/
FoamFile
{
    version     2.0;
    format      ascii;
    class       cellSet;
    location    "constant/polyMesh/sets";
    object      region52;
}
// * * * * * * * * * * * * * * * * * * * * * * * * * * * * * * * * * * * * * //


343
(
17836 
17837 
17838 
17839 
17840 
17841 
17842 
17843 
17844 
17845 
17846 
17847 
17848 
17849 
17850 
17851 
17852 
17853 
17854 
17855 
17856 
17857 
17858 
17859 
17860 
17861 
17862 
17863 
17864 
17865 
17866 
17867 
17868 
17869 
17870 
17871 
17872 
17873 
17874 
17875 
17876 
17877 
17878 
17879 
17880 
17881 
17882 
17883 
17884 
17885 
17886 
17887 
17888 
17889 
17890 
17891 
17892 
17893 
17894 
17895 
17896 
17897 
17898 
17899 
17900 
17901 
17902 
17903 
17904 
17905 
17906 
17907 
17908 
17909 
17910 
17911 
17912 
17913 
17914 
17915 
17916 
17917 
17918 
17919 
17920 
17921 
17922 
17923 
17924 
17925 
17926 
17927 
17928 
17929 
17930 
17931 
17932 
17933 
17934 
17935 
17936 
17937 
17938 
17939 
17940 
17941 
17942 
17943 
17944 
17945 
17946 
17947 
17948 
17949 
17950 
17951 
17952 
17953 
17954 
17955 
17956 
17957 
17958 
17959 
17960 
17961 
17962 
17963 
17964 
17965 
17966 
17967 
17968 
17969 
17970 
17971 
17972 
17973 
17974 
17975 
17976 
17977 
17978 
17979 
17980 
17981 
17982 
17983 
17984 
17985 
17986 
17987 
17988 
17989 
17990 
17991 
17992 
17993 
17994 
17995 
17996 
17997 
17998 
17999 
18000 
18001 
18002 
18003 
18004 
18005 
18006 
18007 
18008 
18009 
18010 
18011 
18012 
18013 
18014 
18015 
18016 
18017 
18018 
18019 
18020 
18021 
18022 
18023 
18024 
18025 
18026 
18027 
18028 
18029 
18030 
18031 
18032 
18033 
18034 
18035 
18036 
18037 
18038 
18039 
18040 
18041 
18042 
18043 
18044 
18045 
18046 
18047 
18048 
18049 
18050 
18051 
18052 
18053 
18054 
18055 
18056 
18057 
18058 
18059 
18060 
18061 
18062 
18063 
18064 
18065 
18066 
18067 
18068 
18069 
18070 
18071 
18072 
18073 
18074 
18075 
18076 
18077 
18078 
18079 
18080 
18081 
18082 
18083 
18084 
18085 
18086 
18087 
18088 
18089 
18090 
18091 
18092 
18093 
18094 
18095 
18096 
18097 
18098 
18099 
18100 
18101 
18102 
18103 
18104 
18105 
18106 
18107 
18108 
18109 
18110 
18111 
18112 
18113 
18114 
18115 
18116 
18117 
18118 
18119 
18120 
18121 
18122 
18123 
18124 
18125 
18126 
18127 
18128 
18129 
18130 
18131 
18132 
18133 
18134 
18135 
18136 
18137 
18138 
18139 
18140 
18141 
18142 
18143 
18144 
18145 
18146 
18147 
18148 
18149 
18150 
18151 
18152 
18153 
18154 
18155 
18156 
18157 
18158 
18159 
18160 
18161 
18162 
18163 
18164 
18165 
18166 
18167 
18168 
18169 
18170 
18171 
18172 
18173 
18174 
18175 
18176 
18177 
18178 
)

// ************************************************************************* //
