/*--------------------------------*- C++ -*----------------------------------*\
| =========                 |                                                 |
| \\      /  F ield         | OpenFOAM: The Open Source CFD Toolbox           |
|  \\    /   O peration     | Version:  2.4.0                                 |
|   \\  /    A nd           | Web:      www.OpenFOAM.org                      |
|    \\/     M anipulation  |                                                 |
\*---------------------------------------------------------------------------*/
FoamFile
{
    version     2.0;
    format      ascii;
    class       cellSet;
    location    "constant/polyMesh/sets";
    object      region137;
}
// * * * * * * * * * * * * * * * * * * * * * * * * * * * * * * * * * * * * * //


343
(
47104 
47105 
47106 
47107 
47108 
47109 
47110 
47111 
47112 
47113 
47114 
47115 
47116 
47117 
47118 
47119 
47120 
47121 
47122 
47123 
47124 
47125 
47126 
47127 
47128 
47129 
47130 
47131 
47132 
47133 
47134 
47135 
47136 
47137 
47138 
47139 
47140 
47141 
47142 
47143 
47144 
47145 
47146 
47147 
47148 
47149 
47150 
47151 
47152 
47153 
47154 
47155 
47156 
47157 
47158 
47159 
47160 
47161 
47162 
47163 
47164 
47165 
47166 
47167 
47168 
47169 
47170 
47171 
47172 
47173 
47174 
47175 
47176 
47177 
47178 
47179 
47180 
47181 
47182 
47183 
47184 
47185 
47186 
47187 
47188 
47189 
47190 
47191 
47192 
47193 
47194 
47195 
47196 
47197 
47198 
47199 
47200 
47201 
47202 
47203 
47204 
47205 
47206 
47207 
47208 
47209 
47210 
47211 
47212 
47213 
47214 
47215 
47216 
47217 
47218 
47219 
47220 
47221 
47222 
47223 
47224 
47225 
47226 
47227 
47228 
47229 
47230 
47231 
47232 
47233 
47234 
47235 
47236 
47237 
47238 
47239 
47240 
47241 
47242 
47243 
47244 
47245 
47246 
47247 
47248 
47249 
47250 
47251 
47252 
47253 
47254 
47255 
47256 
47257 
47258 
47259 
47260 
47261 
47262 
47263 
47264 
47265 
47266 
47267 
47268 
47269 
47270 
47271 
47272 
47273 
47274 
47275 
47276 
47277 
47278 
47279 
47280 
47281 
47282 
47283 
47284 
47285 
47286 
47287 
47288 
47289 
47290 
47291 
47292 
47293 
47294 
47295 
47296 
47297 
47298 
47299 
47300 
47301 
47302 
47303 
47304 
47305 
47306 
47307 
47308 
47309 
47310 
47311 
47312 
47313 
47314 
47315 
47316 
47317 
47318 
47319 
47320 
47321 
47322 
47323 
47324 
47325 
47326 
47327 
47328 
47329 
47330 
47331 
47332 
47333 
46991 
46992 
46993 
46994 
46995 
46996 
46997 
46998 
46999 
47000 
47001 
47002 
47003 
47004 
47005 
47006 
47007 
47008 
47009 
47010 
47011 
47012 
47013 
47014 
47015 
47016 
47017 
47018 
47019 
47020 
47021 
47022 
47023 
47024 
47025 
47026 
47027 
47028 
47029 
47030 
47031 
47032 
47033 
47034 
47035 
47036 
47037 
47038 
47039 
47040 
47041 
47042 
47043 
47044 
47045 
47046 
47047 
47048 
47049 
47050 
47051 
47052 
47053 
47054 
47055 
47056 
47057 
47058 
47059 
47060 
47061 
47062 
47063 
47064 
47065 
47066 
47067 
47068 
47069 
47070 
47071 
47072 
47073 
47074 
47075 
47076 
47077 
47078 
47079 
47080 
47081 
47082 
47083 
47084 
47085 
47086 
47087 
47088 
47089 
47090 
47091 
47092 
47093 
47094 
47095 
47096 
47097 
47098 
47099 
47100 
47101 
47102 
47103 
)

// ************************************************************************* //
