/*--------------------------------*- C++ -*----------------------------------*\
| =========                 |                                                 |
| \\      /  F ield         | OpenFOAM: The Open Source CFD Toolbox           |
|  \\    /   O peration     | Version:  2.4.0                                 |
|   \\  /    A nd           | Web:      www.OpenFOAM.org                      |
|    \\/     M anipulation  |                                                 |
\*---------------------------------------------------------------------------*/
FoamFile
{
    version     2.0;
    format      ascii;
    class       cellSet;
    location    "constant/polyMesh/sets";
    object      region161;
}
// * * * * * * * * * * * * * * * * * * * * * * * * * * * * * * * * * * * * * //


343
(
55296 
55297 
55298 
55299 
55300 
55301 
55302 
55303 
55304 
55305 
55306 
55307 
55308 
55309 
55310 
55311 
55312 
55313 
55314 
55315 
55316 
55317 
55318 
55319 
55320 
55321 
55322 
55323 
55324 
55325 
55326 
55327 
55328 
55329 
55330 
55331 
55332 
55333 
55334 
55335 
55336 
55337 
55338 
55339 
55340 
55341 
55342 
55343 
55344 
55345 
55346 
55347 
55348 
55349 
55350 
55351 
55352 
55353 
55354 
55355 
55356 
55357 
55358 
55359 
55360 
55361 
55362 
55363 
55364 
55365 
55366 
55367 
55368 
55369 
55370 
55371 
55372 
55373 
55374 
55375 
55376 
55377 
55378 
55379 
55380 
55381 
55382 
55383 
55384 
55385 
55386 
55387 
55388 
55389 
55390 
55391 
55392 
55393 
55394 
55395 
55396 
55397 
55398 
55399 
55400 
55401 
55402 
55403 
55404 
55405 
55406 
55407 
55408 
55409 
55410 
55411 
55412 
55413 
55414 
55415 
55416 
55417 
55418 
55419 
55420 
55421 
55422 
55423 
55424 
55425 
55426 
55427 
55428 
55429 
55430 
55431 
55432 
55433 
55434 
55435 
55436 
55437 
55438 
55439 
55440 
55441 
55442 
55443 
55444 
55445 
55446 
55447 
55448 
55449 
55450 
55451 
55452 
55453 
55454 
55455 
55456 
55457 
55458 
55459 
55460 
55461 
55462 
55463 
55464 
55465 
55466 
55467 
55468 
55469 
55470 
55471 
55472 
55473 
55474 
55475 
55476 
55477 
55478 
55479 
55480 
55481 
55482 
55483 
55484 
55485 
55486 
55487 
55488 
55489 
55490 
55491 
55492 
55493 
55494 
55495 
55496 
55497 
55498 
55499 
55500 
55501 
55502 
55503 
55504 
55505 
55506 
55507 
55508 
55509 
55510 
55511 
55512 
55513 
55514 
55515 
55516 
55517 
55518 
55519 
55520 
55521 
55522 
55523 
55524 
55525 
55526 
55527 
55528 
55529 
55530 
55531 
55532 
55533 
55534 
55535 
55536 
55537 
55538 
55539 
55540 
55541 
55542 
55543 
55544 
55545 
55546 
55547 
55548 
55549 
55550 
55551 
55552 
55553 
55554 
55555 
55556 
55557 
55558 
55559 
55560 
55561 
55562 
55563 
55564 
55565 
55223 
55224 
55225 
55226 
55227 
55228 
55229 
55230 
55231 
55232 
55233 
55234 
55235 
55236 
55237 
55238 
55239 
55240 
55241 
55242 
55243 
55244 
55245 
55246 
55247 
55248 
55249 
55250 
55251 
55252 
55253 
55254 
55255 
55256 
55257 
55258 
55259 
55260 
55261 
55262 
55263 
55264 
55265 
55266 
55267 
55268 
55269 
55270 
55271 
55272 
55273 
55274 
55275 
55276 
55277 
55278 
55279 
55280 
55281 
55282 
55283 
55284 
55285 
55286 
55287 
55288 
55289 
55290 
55291 
55292 
55293 
55294 
55295 
)

// ************************************************************************* //
