/*--------------------------------*- C++ -*----------------------------------*\
| =========                 |                                                 |
| \\      /  F ield         | OpenFOAM: The Open Source CFD Toolbox           |
|  \\    /   O peration     | Version:  2.4.0                                 |
|   \\  /    A nd           | Web:      www.OpenFOAM.org                      |
|    \\/     M anipulation  |                                                 |
\*---------------------------------------------------------------------------*/
FoamFile
{
    version     2.0;
    format      ascii;
    class       cellSet;
    location    "constant/polyMesh/sets";
    object      region55;
}
// * * * * * * * * * * * * * * * * * * * * * * * * * * * * * * * * * * * * * //


343
(
18865 
18866 
18867 
18868 
18869 
18870 
18871 
18872 
18873 
18874 
18875 
18876 
18877 
18878 
18879 
18880 
18881 
18882 
18883 
18884 
18885 
18886 
18887 
18888 
18889 
18890 
18891 
18892 
18893 
18894 
18895 
18896 
18897 
18898 
18899 
18900 
18901 
18902 
18903 
18904 
18905 
18906 
18907 
18908 
18909 
18910 
18911 
18912 
18913 
18914 
18915 
18916 
18917 
18918 
18919 
18920 
18921 
18922 
18923 
18924 
18925 
18926 
18927 
18928 
18929 
18930 
18931 
18932 
18933 
18934 
18935 
18936 
18937 
18938 
18939 
18940 
18941 
18942 
18943 
18944 
18945 
18946 
18947 
18948 
18949 
18950 
18951 
18952 
18953 
18954 
18955 
18956 
18957 
18958 
18959 
18960 
18961 
18962 
18963 
18964 
18965 
18966 
18967 
18968 
18969 
18970 
18971 
18972 
18973 
18974 
18975 
18976 
18977 
18978 
18979 
18980 
18981 
18982 
18983 
18984 
18985 
18986 
18987 
18988 
18989 
18990 
18991 
18992 
18993 
18994 
18995 
18996 
18997 
18998 
18999 
19000 
19001 
19002 
19003 
19004 
19005 
19006 
19007 
19008 
19009 
19010 
19011 
19012 
19013 
19014 
19015 
19016 
19017 
19018 
19019 
19020 
19021 
19022 
19023 
19024 
19025 
19026 
19027 
19028 
19029 
19030 
19031 
19032 
19033 
19034 
19035 
19036 
19037 
19038 
19039 
19040 
19041 
19042 
19043 
19044 
19045 
19046 
19047 
19048 
19049 
19050 
19051 
19052 
19053 
19054 
19055 
19056 
19057 
19058 
19059 
19060 
19061 
19062 
19063 
19064 
19065 
19066 
19067 
19068 
19069 
19070 
19071 
19072 
19073 
19074 
19075 
19076 
19077 
19078 
19079 
19080 
19081 
19082 
19083 
19084 
19085 
19086 
19087 
19088 
19089 
19090 
19091 
19092 
19093 
19094 
19095 
19096 
19097 
19098 
19099 
19100 
19101 
19102 
19103 
19104 
19105 
19106 
19107 
19108 
19109 
19110 
19111 
19112 
19113 
19114 
19115 
19116 
19117 
19118 
19119 
19120 
19121 
19122 
19123 
19124 
19125 
19126 
19127 
19128 
19129 
19130 
19131 
19132 
19133 
19134 
19135 
19136 
19137 
19138 
19139 
19140 
19141 
19142 
19143 
19144 
19145 
19146 
19147 
19148 
19149 
19150 
19151 
19152 
19153 
19154 
19155 
19156 
19157 
19158 
19159 
19160 
19161 
19162 
19163 
19164 
19165 
19166 
19167 
19168 
19169 
19170 
19171 
19172 
19173 
19174 
19175 
19176 
19177 
19178 
19179 
19180 
19181 
19182 
19183 
19184 
19185 
19186 
19187 
19188 
19189 
19190 
19191 
19192 
19193 
19194 
19195 
19196 
19197 
19198 
19199 
19200 
19201 
19202 
19203 
19204 
19205 
19206 
19207 
)

// ************************************************************************* //
