/*--------------------------------*- C++ -*----------------------------------*\
| =========                 |                                                 |
| \\      /  F ield         | OpenFOAM: The Open Source CFD Toolbox           |
|  \\    /   O peration     | Version:  2.4.0                                 |
|   \\  /    A nd           | Web:      www.OpenFOAM.org                      |
|    \\/     M anipulation  |                                                 |
\*---------------------------------------------------------------------------*/
FoamFile
{
    version     2.0;
    format      ascii;
    class       cellSet;
    location    "constant/polyMesh/sets";
    object      region89;
}
// * * * * * * * * * * * * * * * * * * * * * * * * * * * * * * * * * * * * * //


343
(
30720 
30721 
30722 
30723 
30724 
30725 
30726 
30727 
30728 
30729 
30730 
30731 
30732 
30733 
30734 
30735 
30736 
30737 
30738 
30739 
30740 
30741 
30742 
30743 
30744 
30745 
30746 
30747 
30748 
30749 
30750 
30751 
30752 
30753 
30754 
30755 
30756 
30757 
30758 
30759 
30760 
30761 
30762 
30763 
30764 
30765 
30766 
30767 
30768 
30769 
30770 
30771 
30772 
30773 
30774 
30775 
30776 
30777 
30778 
30779 
30780 
30781 
30782 
30783 
30784 
30785 
30786 
30787 
30788 
30789 
30790 
30791 
30792 
30793 
30794 
30795 
30796 
30797 
30798 
30799 
30800 
30801 
30802 
30803 
30804 
30805 
30806 
30807 
30808 
30809 
30810 
30811 
30812 
30813 
30814 
30815 
30816 
30817 
30818 
30819 
30820 
30821 
30822 
30823 
30824 
30825 
30826 
30827 
30828 
30829 
30830 
30831 
30832 
30833 
30834 
30835 
30836 
30837 
30838 
30839 
30840 
30841 
30842 
30843 
30844 
30845 
30846 
30847 
30848 
30849 
30850 
30851 
30852 
30853 
30854 
30855 
30856 
30857 
30858 
30859 
30860 
30861 
30862 
30863 
30864 
30865 
30866 
30867 
30868 
30869 
30527 
30528 
30529 
30530 
30531 
30532 
30533 
30534 
30535 
30536 
30537 
30538 
30539 
30540 
30541 
30542 
30543 
30544 
30545 
30546 
30547 
30548 
30549 
30550 
30551 
30552 
30553 
30554 
30555 
30556 
30557 
30558 
30559 
30560 
30561 
30562 
30563 
30564 
30565 
30566 
30567 
30568 
30569 
30570 
30571 
30572 
30573 
30574 
30575 
30576 
30577 
30578 
30579 
30580 
30581 
30582 
30583 
30584 
30585 
30586 
30587 
30588 
30589 
30590 
30591 
30592 
30593 
30594 
30595 
30596 
30597 
30598 
30599 
30600 
30601 
30602 
30603 
30604 
30605 
30606 
30607 
30608 
30609 
30610 
30611 
30612 
30613 
30614 
30615 
30616 
30617 
30618 
30619 
30620 
30621 
30622 
30623 
30624 
30625 
30626 
30627 
30628 
30629 
30630 
30631 
30632 
30633 
30634 
30635 
30636 
30637 
30638 
30639 
30640 
30641 
30642 
30643 
30644 
30645 
30646 
30647 
30648 
30649 
30650 
30651 
30652 
30653 
30654 
30655 
30656 
30657 
30658 
30659 
30660 
30661 
30662 
30663 
30664 
30665 
30666 
30667 
30668 
30669 
30670 
30671 
30672 
30673 
30674 
30675 
30676 
30677 
30678 
30679 
30680 
30681 
30682 
30683 
30684 
30685 
30686 
30687 
30688 
30689 
30690 
30691 
30692 
30693 
30694 
30695 
30696 
30697 
30698 
30699 
30700 
30701 
30702 
30703 
30704 
30705 
30706 
30707 
30708 
30709 
30710 
30711 
30712 
30713 
30714 
30715 
30716 
30717 
30718 
30719 
)

// ************************************************************************* //
