/*--------------------------------*- C++ -*----------------------------------*\
| =========                 |                                                 |
| \\      /  F ield         | OpenFOAM: The Open Source CFD Toolbox           |
|  \\    /   O peration     | Version:  2.4.0                                 |
|   \\  /    A nd           | Web:      www.OpenFOAM.org                      |
|    \\/     M anipulation  |                                                 |
\*---------------------------------------------------------------------------*/
FoamFile
{
    version     2.0;
    format      ascii;
    class       cellSet;
    location    "constant/polyMesh/sets";
    object      region105;
}
// * * * * * * * * * * * * * * * * * * * * * * * * * * * * * * * * * * * * * //


343
(
36015 
36016 
36017 
36018 
36019 
36020 
36021 
36022 
36023 
36024 
36025 
36026 
36027 
36028 
36029 
36030 
36031 
36032 
36033 
36034 
36035 
36036 
36037 
36038 
36039 
36040 
36041 
36042 
36043 
36044 
36045 
36046 
36047 
36048 
36049 
36050 
36051 
36052 
36053 
36054 
36055 
36056 
36057 
36058 
36059 
36060 
36061 
36062 
36063 
36064 
36065 
36066 
36067 
36068 
36069 
36070 
36071 
36072 
36073 
36074 
36075 
36076 
36077 
36078 
36079 
36080 
36081 
36082 
36083 
36084 
36085 
36086 
36087 
36088 
36089 
36090 
36091 
36092 
36093 
36094 
36095 
36096 
36097 
36098 
36099 
36100 
36101 
36102 
36103 
36104 
36105 
36106 
36107 
36108 
36109 
36110 
36111 
36112 
36113 
36114 
36115 
36116 
36117 
36118 
36119 
36120 
36121 
36122 
36123 
36124 
36125 
36126 
36127 
36128 
36129 
36130 
36131 
36132 
36133 
36134 
36135 
36136 
36137 
36138 
36139 
36140 
36141 
36142 
36143 
36144 
36145 
36146 
36147 
36148 
36149 
36150 
36151 
36152 
36153 
36154 
36155 
36156 
36157 
36158 
36159 
36160 
36161 
36162 
36163 
36164 
36165 
36166 
36167 
36168 
36169 
36170 
36171 
36172 
36173 
36174 
36175 
36176 
36177 
36178 
36179 
36180 
36181 
36182 
36183 
36184 
36185 
36186 
36187 
36188 
36189 
36190 
36191 
36192 
36193 
36194 
36195 
36196 
36197 
36198 
36199 
36200 
36201 
36202 
36203 
36204 
36205 
36206 
36207 
36208 
36209 
36210 
36211 
36212 
36213 
36214 
36215 
36216 
36217 
36218 
36219 
36220 
36221 
36222 
36223 
36224 
36225 
36226 
36227 
36228 
36229 
36230 
36231 
36232 
36233 
36234 
36235 
36236 
36237 
36238 
36239 
36240 
36241 
36242 
36243 
36244 
36245 
36246 
36247 
36248 
36249 
36250 
36251 
36252 
36253 
36254 
36255 
36256 
36257 
36258 
36259 
36260 
36261 
36262 
36263 
36264 
36265 
36266 
36267 
36268 
36269 
36270 
36271 
36272 
36273 
36274 
36275 
36276 
36277 
36278 
36279 
36280 
36281 
36282 
36283 
36284 
36285 
36286 
36287 
36288 
36289 
36290 
36291 
36292 
36293 
36294 
36295 
36296 
36297 
36298 
36299 
36300 
36301 
36302 
36303 
36304 
36305 
36306 
36307 
36308 
36309 
36310 
36311 
36312 
36313 
36314 
36315 
36316 
36317 
36318 
36319 
36320 
36321 
36322 
36323 
36324 
36325 
36326 
36327 
36328 
36329 
36330 
36331 
36332 
36333 
36334 
36335 
36336 
36337 
36338 
36339 
36340 
36341 
36342 
36343 
36344 
36345 
36346 
36347 
36348 
36349 
36350 
36351 
36352 
36353 
36354 
36355 
36356 
36357 
)

// ************************************************************************* //
