/*--------------------------------*- C++ -*----------------------------------*\
| =========                 |                                                 |
| \\      /  F ield         | OpenFOAM: The Open Source CFD Toolbox           |
|  \\    /   O peration     | Version:  2.4.0                                 |
|   \\  /    A nd           | Web:      www.OpenFOAM.org                      |
|    \\/     M anipulation  |                                                 |
\*---------------------------------------------------------------------------*/
FoamFile
{
    version     2.0;
    format      ascii;
    class       cellSet;
    location    "constant/polyMesh/sets";
    object      region169;
}
// * * * * * * * * * * * * * * * * * * * * * * * * * * * * * * * * * * * * * //


343
(
57967 
57968 
57969 
57970 
57971 
57972 
57973 
57974 
57975 
57976 
57977 
57978 
57979 
57980 
57981 
57982 
57983 
57984 
57985 
57986 
57987 
57988 
57989 
57990 
57991 
57992 
57993 
57994 
57995 
57996 
57997 
57998 
57999 
58000 
58001 
58002 
58003 
58004 
58005 
58006 
58007 
58008 
58009 
58010 
58011 
58012 
58013 
58014 
58015 
58016 
58017 
58018 
58019 
58020 
58021 
58022 
58023 
58024 
58025 
58026 
58027 
58028 
58029 
58030 
58031 
58032 
58033 
58034 
58035 
58036 
58037 
58038 
58039 
58040 
58041 
58042 
58043 
58044 
58045 
58046 
58047 
58048 
58049 
58050 
58051 
58052 
58053 
58054 
58055 
58056 
58057 
58058 
58059 
58060 
58061 
58062 
58063 
58064 
58065 
58066 
58067 
58068 
58069 
58070 
58071 
58072 
58073 
58074 
58075 
58076 
58077 
58078 
58079 
58080 
58081 
58082 
58083 
58084 
58085 
58086 
58087 
58088 
58089 
58090 
58091 
58092 
58093 
58094 
58095 
58096 
58097 
58098 
58099 
58100 
58101 
58102 
58103 
58104 
58105 
58106 
58107 
58108 
58109 
58110 
58111 
58112 
58113 
58114 
58115 
58116 
58117 
58118 
58119 
58120 
58121 
58122 
58123 
58124 
58125 
58126 
58127 
58128 
58129 
58130 
58131 
58132 
58133 
58134 
58135 
58136 
58137 
58138 
58139 
58140 
58141 
58142 
58143 
58144 
58145 
58146 
58147 
58148 
58149 
58150 
58151 
58152 
58153 
58154 
58155 
58156 
58157 
58158 
58159 
58160 
58161 
58162 
58163 
58164 
58165 
58166 
58167 
58168 
58169 
58170 
58171 
58172 
58173 
58174 
58175 
58176 
58177 
58178 
58179 
58180 
58181 
58182 
58183 
58184 
58185 
58186 
58187 
58188 
58189 
58190 
58191 
58192 
58193 
58194 
58195 
58196 
58197 
58198 
58199 
58200 
58201 
58202 
58203 
58204 
58205 
58206 
58207 
58208 
58209 
58210 
58211 
58212 
58213 
58214 
58215 
58216 
58217 
58218 
58219 
58220 
58221 
58222 
58223 
58224 
58225 
58226 
58227 
58228 
58229 
58230 
58231 
58232 
58233 
58234 
58235 
58236 
58237 
58238 
58239 
58240 
58241 
58242 
58243 
58244 
58245 
58246 
58247 
58248 
58249 
58250 
58251 
58252 
58253 
58254 
58255 
58256 
58257 
58258 
58259 
58260 
58261 
58262 
58263 
58264 
58265 
58266 
58267 
58268 
58269 
58270 
58271 
58272 
58273 
58274 
58275 
58276 
58277 
58278 
58279 
58280 
58281 
58282 
58283 
58284 
58285 
58286 
58287 
58288 
58289 
58290 
58291 
58292 
58293 
58294 
58295 
58296 
58297 
58298 
58299 
58300 
58301 
58302 
58303 
58304 
58305 
58306 
58307 
58308 
58309 
)

// ************************************************************************* //
