/*--------------------------------*- C++ -*----------------------------------*\
| =========                 |                                                 |
| \\      /  F ield         | OpenFOAM: The Open Source CFD Toolbox           |
|  \\    /   O peration     | Version:  2.4.0                                 |
|   \\  /    A nd           | Web:      www.OpenFOAM.org                      |
|    \\/     M anipulation  |                                                 |
\*---------------------------------------------------------------------------*/
FoamFile
{
    version     2.0;
    format      ascii;
    class       cellSet;
    location    "constant/polyMesh/sets";
    object      region134;
}
// * * * * * * * * * * * * * * * * * * * * * * * * * * * * * * * * * * * * * //


343
(
46080 
46081 
46082 
46083 
46084 
46085 
46086 
46087 
46088 
46089 
46090 
46091 
46092 
46093 
46094 
46095 
46096 
46097 
46098 
46099 
46100 
46101 
46102 
46103 
46104 
46105 
46106 
46107 
46108 
46109 
46110 
46111 
46112 
46113 
46114 
46115 
46116 
46117 
46118 
46119 
46120 
46121 
46122 
46123 
46124 
46125 
46126 
46127 
46128 
46129 
46130 
46131 
46132 
46133 
46134 
46135 
46136 
46137 
46138 
46139 
46140 
46141 
46142 
46143 
46144 
46145 
46146 
46147 
46148 
46149 
46150 
46151 
46152 
46153 
46154 
46155 
46156 
46157 
46158 
46159 
46160 
46161 
46162 
46163 
46164 
46165 
46166 
46167 
46168 
46169 
46170 
46171 
46172 
46173 
46174 
46175 
46176 
46177 
46178 
46179 
46180 
46181 
46182 
46183 
46184 
46185 
46186 
46187 
46188 
46189 
46190 
46191 
46192 
46193 
46194 
46195 
46196 
46197 
46198 
46199 
46200 
46201 
46202 
46203 
46204 
46205 
46206 
46207 
46208 
46209 
46210 
46211 
46212 
46213 
46214 
46215 
46216 
46217 
46218 
46219 
46220 
46221 
46222 
46223 
46224 
46225 
46226 
46227 
46228 
46229 
46230 
46231 
46232 
46233 
46234 
46235 
46236 
46237 
46238 
46239 
46240 
46241 
46242 
46243 
46244 
46245 
46246 
46247 
46248 
46249 
46250 
46251 
46252 
46253 
46254 
46255 
46256 
46257 
46258 
46259 
46260 
46261 
46262 
46263 
46264 
46265 
46266 
46267 
46268 
46269 
46270 
46271 
46272 
46273 
46274 
46275 
46276 
46277 
46278 
46279 
46280 
46281 
46282 
46283 
46284 
46285 
46286 
46287 
46288 
46289 
46290 
46291 
46292 
46293 
46294 
46295 
46296 
46297 
46298 
46299 
46300 
46301 
46302 
46303 
46304 
45962 
45963 
45964 
45965 
45966 
45967 
45968 
45969 
45970 
45971 
45972 
45973 
45974 
45975 
45976 
45977 
45978 
45979 
45980 
45981 
45982 
45983 
45984 
45985 
45986 
45987 
45988 
45989 
45990 
45991 
45992 
45993 
45994 
45995 
45996 
45997 
45998 
45999 
46000 
46001 
46002 
46003 
46004 
46005 
46006 
46007 
46008 
46009 
46010 
46011 
46012 
46013 
46014 
46015 
46016 
46017 
46018 
46019 
46020 
46021 
46022 
46023 
46024 
46025 
46026 
46027 
46028 
46029 
46030 
46031 
46032 
46033 
46034 
46035 
46036 
46037 
46038 
46039 
46040 
46041 
46042 
46043 
46044 
46045 
46046 
46047 
46048 
46049 
46050 
46051 
46052 
46053 
46054 
46055 
46056 
46057 
46058 
46059 
46060 
46061 
46062 
46063 
46064 
46065 
46066 
46067 
46068 
46069 
46070 
46071 
46072 
46073 
46074 
46075 
46076 
46077 
46078 
46079 
)

// ************************************************************************* //
