/*--------------------------------*- C++ -*----------------------------------*\
| =========                 |                                                 |
| \\      /  F ield         | OpenFOAM: The Open Source CFD Toolbox           |
|  \\    /   O peration     | Version:  2.4.0                                 |
|   \\  /    A nd           | Web:      www.OpenFOAM.org                      |
|    \\/     M anipulation  |                                                 |
\*---------------------------------------------------------------------------*/
FoamFile
{
    version     2.0;
    format      ascii;
    class       cellSet;
    location    "constant/polyMesh/sets";
    object      region128;
}
// * * * * * * * * * * * * * * * * * * * * * * * * * * * * * * * * * * * * * //


343
(
44032 
44033 
44034 
44035 
44036 
44037 
44038 
44039 
44040 
44041 
44042 
44043 
44044 
44045 
44046 
44047 
44048 
44049 
44050 
44051 
44052 
44053 
44054 
44055 
44056 
44057 
44058 
44059 
44060 
44061 
44062 
44063 
44064 
44065 
44066 
44067 
44068 
44069 
44070 
44071 
44072 
44073 
44074 
44075 
44076 
44077 
44078 
44079 
44080 
44081 
44082 
44083 
44084 
44085 
44086 
44087 
44088 
44089 
44090 
44091 
44092 
44093 
44094 
44095 
44096 
44097 
44098 
44099 
44100 
44101 
44102 
44103 
44104 
44105 
44106 
44107 
44108 
44109 
44110 
44111 
44112 
44113 
44114 
44115 
44116 
44117 
44118 
44119 
44120 
44121 
44122 
44123 
44124 
44125 
44126 
44127 
44128 
44129 
44130 
44131 
44132 
44133 
44134 
44135 
44136 
44137 
44138 
44139 
44140 
44141 
44142 
44143 
44144 
44145 
44146 
44147 
44148 
44149 
44150 
44151 
44152 
44153 
44154 
44155 
44156 
44157 
44158 
44159 
44160 
44161 
44162 
44163 
44164 
44165 
44166 
44167 
44168 
44169 
44170 
44171 
44172 
44173 
44174 
44175 
44176 
44177 
44178 
44179 
44180 
44181 
44182 
44183 
44184 
44185 
44186 
44187 
44188 
44189 
44190 
44191 
44192 
44193 
44194 
44195 
44196 
44197 
44198 
44199 
44200 
44201 
44202 
44203 
44204 
44205 
44206 
44207 
44208 
44209 
44210 
44211 
44212 
44213 
44214 
44215 
44216 
44217 
44218 
44219 
44220 
44221 
44222 
44223 
44224 
44225 
44226 
44227 
44228 
44229 
44230 
44231 
44232 
44233 
44234 
44235 
44236 
44237 
44238 
44239 
44240 
44241 
44242 
44243 
44244 
44245 
44246 
43904 
43905 
43906 
43907 
43908 
43909 
43910 
43911 
43912 
43913 
43914 
43915 
43916 
43917 
43918 
43919 
43920 
43921 
43922 
43923 
43924 
43925 
43926 
43927 
43928 
43929 
43930 
43931 
43932 
43933 
43934 
43935 
43936 
43937 
43938 
43939 
43940 
43941 
43942 
43943 
43944 
43945 
43946 
43947 
43948 
43949 
43950 
43951 
43952 
43953 
43954 
43955 
43956 
43957 
43958 
43959 
43960 
43961 
43962 
43963 
43964 
43965 
43966 
43967 
43968 
43969 
43970 
43971 
43972 
43973 
43974 
43975 
43976 
43977 
43978 
43979 
43980 
43981 
43982 
43983 
43984 
43985 
43986 
43987 
43988 
43989 
43990 
43991 
43992 
43993 
43994 
43995 
43996 
43997 
43998 
43999 
44000 
44001 
44002 
44003 
44004 
44005 
44006 
44007 
44008 
44009 
44010 
44011 
44012 
44013 
44014 
44015 
44016 
44017 
44018 
44019 
44020 
44021 
44022 
44023 
44024 
44025 
44026 
44027 
44028 
44029 
44030 
44031 
)

// ************************************************************************* //
