/*--------------------------------*- C++ -*----------------------------------*\
| =========                 |                                                 |
| \\      /  F ield         | OpenFOAM: The Open Source CFD Toolbox           |
|  \\    /   O peration     | Version:  2.4.0                                 |
|   \\  /    A nd           | Web:      www.OpenFOAM.org                      |
|    \\/     M anipulation  |                                                 |
\*---------------------------------------------------------------------------*/
FoamFile
{
    version     2.0;
    format      ascii;
    class       cellSet;
    location    "constant/polyMesh/sets";
    object      region177;
}
// * * * * * * * * * * * * * * * * * * * * * * * * * * * * * * * * * * * * * //


343
(
60711 
60712 
60713 
60714 
60715 
60716 
60717 
60718 
60719 
60720 
60721 
60722 
60723 
60724 
60725 
60726 
60727 
60728 
60729 
60730 
60731 
60732 
60733 
60734 
60735 
60736 
60737 
60738 
60739 
60740 
60741 
60742 
60743 
60744 
60745 
60746 
60747 
60748 
60749 
60750 
60751 
60752 
60753 
60754 
60755 
60756 
60757 
60758 
60759 
60760 
60761 
60762 
60763 
60764 
60765 
60766 
60767 
60768 
60769 
60770 
60771 
60772 
60773 
60774 
60775 
60776 
60777 
60778 
60779 
60780 
60781 
60782 
60783 
60784 
60785 
60786 
60787 
60788 
60789 
60790 
60791 
60792 
60793 
60794 
60795 
60796 
60797 
60798 
60799 
60800 
60801 
60802 
60803 
60804 
60805 
60806 
60807 
60808 
60809 
60810 
60811 
60812 
60813 
60814 
60815 
60816 
60817 
60818 
60819 
60820 
60821 
60822 
60823 
60824 
60825 
60826 
60827 
60828 
60829 
60830 
60831 
60832 
60833 
60834 
60835 
60836 
60837 
60838 
60839 
60840 
60841 
60842 
60843 
60844 
60845 
60846 
60847 
60848 
60849 
60850 
60851 
60852 
60853 
60854 
60855 
60856 
60857 
60858 
60859 
60860 
60861 
60862 
60863 
60864 
60865 
60866 
60867 
60868 
60869 
60870 
60871 
60872 
60873 
60874 
60875 
60876 
60877 
60878 
60879 
60880 
60881 
60882 
60883 
60884 
60885 
60886 
60887 
60888 
60889 
60890 
60891 
60892 
60893 
60894 
60895 
60896 
60897 
60898 
60899 
60900 
60901 
60902 
60903 
60904 
60905 
60906 
60907 
60908 
60909 
60910 
60911 
60912 
60913 
60914 
60915 
60916 
60917 
60918 
60919 
60920 
60921 
60922 
60923 
60924 
60925 
60926 
60927 
60928 
60929 
60930 
60931 
60932 
60933 
60934 
60935 
60936 
60937 
60938 
60939 
60940 
60941 
60942 
60943 
60944 
60945 
60946 
60947 
60948 
60949 
60950 
60951 
60952 
60953 
60954 
60955 
60956 
60957 
60958 
60959 
60960 
60961 
60962 
60963 
60964 
60965 
60966 
60967 
60968 
60969 
60970 
60971 
60972 
60973 
60974 
60975 
60976 
60977 
60978 
60979 
60980 
60981 
60982 
60983 
60984 
60985 
60986 
60987 
60988 
60989 
60990 
60991 
60992 
60993 
60994 
60995 
60996 
60997 
60998 
60999 
61000 
61001 
61002 
61003 
61004 
61005 
61006 
61007 
61008 
61009 
61010 
61011 
61012 
61013 
61014 
61015 
61016 
61017 
61018 
61019 
61020 
61021 
61022 
61023 
61024 
61025 
61026 
61027 
61028 
61029 
61030 
61031 
61032 
61033 
61034 
61035 
61036 
61037 
61038 
61039 
61040 
61041 
61042 
61043 
61044 
61045 
61046 
61047 
61048 
61049 
61050 
61051 
61052 
61053 
)

// ************************************************************************* //
