/*--------------------------------*- C++ -*----------------------------------*\
| =========                 |                                                 |
| \\      /  F ield         | OpenFOAM: The Open Source CFD Toolbox           |
|  \\    /   O peration     | Version:  2.4.0                                 |
|   \\  /    A nd           | Web:      www.OpenFOAM.org                      |
|    \\/     M anipulation  |                                                 |
\*---------------------------------------------------------------------------*/
FoamFile
{
    version     2.0;
    format      ascii;
    class       cellSet;
    location    "constant/polyMesh/sets";
    object      region173;
}
// * * * * * * * * * * * * * * * * * * * * * * * * * * * * * * * * * * * * * //


343
(
59392 
59393 
59394 
59395 
59396 
59397 
59398 
59399 
59400 
59401 
59402 
59403 
59404 
59405 
59406 
59407 
59408 
59409 
59410 
59411 
59412 
59413 
59414 
59415 
59416 
59417 
59418 
59419 
59420 
59421 
59422 
59423 
59424 
59425 
59426 
59427 
59428 
59429 
59430 
59431 
59432 
59433 
59434 
59435 
59436 
59437 
59438 
59439 
59440 
59441 
59442 
59443 
59444 
59445 
59446 
59447 
59448 
59449 
59450 
59451 
59452 
59453 
59454 
59455 
59456 
59457 
59458 
59459 
59460 
59461 
59462 
59463 
59464 
59465 
59466 
59467 
59468 
59469 
59470 
59471 
59472 
59473 
59474 
59475 
59476 
59477 
59478 
59479 
59480 
59481 
59482 
59483 
59484 
59485 
59486 
59487 
59488 
59489 
59490 
59491 
59492 
59493 
59494 
59495 
59496 
59497 
59498 
59499 
59500 
59501 
59502 
59503 
59504 
59505 
59506 
59507 
59508 
59509 
59510 
59511 
59512 
59513 
59514 
59515 
59516 
59517 
59518 
59519 
59520 
59521 
59522 
59523 
59524 
59525 
59526 
59527 
59528 
59529 
59530 
59531 
59532 
59533 
59534 
59535 
59536 
59537 
59538 
59539 
59540 
59541 
59542 
59543 
59544 
59545 
59546 
59547 
59548 
59549 
59550 
59551 
59552 
59553 
59554 
59555 
59556 
59557 
59558 
59559 
59560 
59561 
59562 
59563 
59564 
59565 
59566 
59567 
59568 
59569 
59570 
59571 
59572 
59573 
59574 
59575 
59576 
59577 
59578 
59579 
59580 
59581 
59582 
59583 
59584 
59585 
59586 
59587 
59588 
59589 
59590 
59591 
59592 
59593 
59594 
59595 
59596 
59597 
59598 
59599 
59600 
59601 
59602 
59603 
59604 
59605 
59606 
59607 
59608 
59609 
59610 
59611 
59612 
59613 
59614 
59615 
59616 
59617 
59618 
59619 
59620 
59621 
59622 
59623 
59624 
59625 
59626 
59627 
59628 
59629 
59630 
59631 
59632 
59633 
59634 
59635 
59636 
59637 
59638 
59639 
59640 
59641 
59642 
59643 
59644 
59645 
59646 
59647 
59648 
59649 
59650 
59651 
59652 
59653 
59654 
59655 
59656 
59657 
59658 
59659 
59660 
59661 
59662 
59663 
59664 
59665 
59666 
59667 
59668 
59669 
59670 
59671 
59672 
59673 
59674 
59675 
59676 
59677 
59678 
59679 
59680 
59681 
59339 
59340 
59341 
59342 
59343 
59344 
59345 
59346 
59347 
59348 
59349 
59350 
59351 
59352 
59353 
59354 
59355 
59356 
59357 
59358 
59359 
59360 
59361 
59362 
59363 
59364 
59365 
59366 
59367 
59368 
59369 
59370 
59371 
59372 
59373 
59374 
59375 
59376 
59377 
59378 
59379 
59380 
59381 
59382 
59383 
59384 
59385 
59386 
59387 
59388 
59389 
59390 
59391 
)

// ************************************************************************* //
