/*--------------------------------*- C++ -*----------------------------------*\
| =========                 |                                                 |
| \\      /  F ield         | OpenFOAM: The Open Source CFD Toolbox           |
|  \\    /   O peration     | Version:  2.4.0                                 |
|   \\  /    A nd           | Web:      www.OpenFOAM.org                      |
|    \\/     M anipulation  |                                                 |
\*---------------------------------------------------------------------------*/
FoamFile
{
    version     2.0;
    format      ascii;
    class       cellSet;
    location    "constant/polyMesh/sets";
    object      region131;
}
// * * * * * * * * * * * * * * * * * * * * * * * * * * * * * * * * * * * * * //


343
(
45056 
45057 
45058 
45059 
45060 
45061 
45062 
45063 
45064 
45065 
45066 
45067 
45068 
45069 
45070 
45071 
45072 
45073 
45074 
45075 
45076 
45077 
45078 
45079 
45080 
45081 
45082 
45083 
45084 
45085 
45086 
45087 
45088 
45089 
45090 
45091 
45092 
45093 
45094 
45095 
45096 
45097 
45098 
45099 
45100 
45101 
45102 
45103 
45104 
45105 
45106 
45107 
45108 
45109 
45110 
45111 
45112 
45113 
45114 
45115 
45116 
45117 
45118 
45119 
45120 
45121 
45122 
45123 
45124 
45125 
45126 
45127 
45128 
45129 
45130 
45131 
45132 
45133 
45134 
45135 
45136 
45137 
45138 
45139 
45140 
45141 
45142 
45143 
45144 
45145 
45146 
45147 
45148 
45149 
45150 
45151 
45152 
45153 
45154 
45155 
45156 
45157 
45158 
45159 
45160 
45161 
45162 
45163 
45164 
45165 
45166 
45167 
45168 
45169 
45170 
45171 
45172 
45173 
45174 
45175 
45176 
45177 
45178 
45179 
45180 
45181 
45182 
45183 
45184 
45185 
45186 
45187 
45188 
45189 
45190 
45191 
45192 
45193 
45194 
45195 
45196 
45197 
45198 
45199 
45200 
45201 
45202 
45203 
45204 
45205 
45206 
45207 
45208 
45209 
45210 
45211 
45212 
45213 
45214 
45215 
45216 
45217 
45218 
45219 
45220 
45221 
45222 
45223 
45224 
45225 
45226 
45227 
45228 
45229 
45230 
45231 
45232 
45233 
45234 
45235 
45236 
45237 
45238 
45239 
45240 
45241 
45242 
45243 
45244 
45245 
45246 
45247 
45248 
45249 
45250 
45251 
45252 
45253 
45254 
45255 
45256 
45257 
45258 
45259 
45260 
45261 
45262 
45263 
45264 
45265 
45266 
45267 
45268 
45269 
45270 
45271 
45272 
45273 
45274 
45275 
44933 
44934 
44935 
44936 
44937 
44938 
44939 
44940 
44941 
44942 
44943 
44944 
44945 
44946 
44947 
44948 
44949 
44950 
44951 
44952 
44953 
44954 
44955 
44956 
44957 
44958 
44959 
44960 
44961 
44962 
44963 
44964 
44965 
44966 
44967 
44968 
44969 
44970 
44971 
44972 
44973 
44974 
44975 
44976 
44977 
44978 
44979 
44980 
44981 
44982 
44983 
44984 
44985 
44986 
44987 
44988 
44989 
44990 
44991 
44992 
44993 
44994 
44995 
44996 
44997 
44998 
44999 
45000 
45001 
45002 
45003 
45004 
45005 
45006 
45007 
45008 
45009 
45010 
45011 
45012 
45013 
45014 
45015 
45016 
45017 
45018 
45019 
45020 
45021 
45022 
45023 
45024 
45025 
45026 
45027 
45028 
45029 
45030 
45031 
45032 
45033 
45034 
45035 
45036 
45037 
45038 
45039 
45040 
45041 
45042 
45043 
45044 
45045 
45046 
45047 
45048 
45049 
45050 
45051 
45052 
45053 
45054 
45055 
)

// ************************************************************************* //
