/*--------------------------------*- C++ -*----------------------------------*\
| =========                 |                                                 |
| \\      /  F ield         | OpenFOAM: The Open Source CFD Toolbox           |
|  \\    /   O peration     | Version:  2.4.0                                 |
|   \\  /    A nd           | Web:      www.OpenFOAM.org                      |
|    \\/     M anipulation  |                                                 |
\*---------------------------------------------------------------------------*/
FoamFile
{
    version     2.0;
    format      ascii;
    class       cellSet;
    location    "constant/polyMesh/sets";
    object      region172;
}
// * * * * * * * * * * * * * * * * * * * * * * * * * * * * * * * * * * * * * //


343
(
58996 
58997 
58998 
58999 
59000 
59001 
59002 
59003 
59004 
59005 
59006 
59007 
59008 
59009 
59010 
59011 
59012 
59013 
59014 
59015 
59016 
59017 
59018 
59019 
59020 
59021 
59022 
59023 
59024 
59025 
59026 
59027 
59028 
59029 
59030 
59031 
59032 
59033 
59034 
59035 
59036 
59037 
59038 
59039 
59040 
59041 
59042 
59043 
59044 
59045 
59046 
59047 
59048 
59049 
59050 
59051 
59052 
59053 
59054 
59055 
59056 
59057 
59058 
59059 
59060 
59061 
59062 
59063 
59064 
59065 
59066 
59067 
59068 
59069 
59070 
59071 
59072 
59073 
59074 
59075 
59076 
59077 
59078 
59079 
59080 
59081 
59082 
59083 
59084 
59085 
59086 
59087 
59088 
59089 
59090 
59091 
59092 
59093 
59094 
59095 
59096 
59097 
59098 
59099 
59100 
59101 
59102 
59103 
59104 
59105 
59106 
59107 
59108 
59109 
59110 
59111 
59112 
59113 
59114 
59115 
59116 
59117 
59118 
59119 
59120 
59121 
59122 
59123 
59124 
59125 
59126 
59127 
59128 
59129 
59130 
59131 
59132 
59133 
59134 
59135 
59136 
59137 
59138 
59139 
59140 
59141 
59142 
59143 
59144 
59145 
59146 
59147 
59148 
59149 
59150 
59151 
59152 
59153 
59154 
59155 
59156 
59157 
59158 
59159 
59160 
59161 
59162 
59163 
59164 
59165 
59166 
59167 
59168 
59169 
59170 
59171 
59172 
59173 
59174 
59175 
59176 
59177 
59178 
59179 
59180 
59181 
59182 
59183 
59184 
59185 
59186 
59187 
59188 
59189 
59190 
59191 
59192 
59193 
59194 
59195 
59196 
59197 
59198 
59199 
59200 
59201 
59202 
59203 
59204 
59205 
59206 
59207 
59208 
59209 
59210 
59211 
59212 
59213 
59214 
59215 
59216 
59217 
59218 
59219 
59220 
59221 
59222 
59223 
59224 
59225 
59226 
59227 
59228 
59229 
59230 
59231 
59232 
59233 
59234 
59235 
59236 
59237 
59238 
59239 
59240 
59241 
59242 
59243 
59244 
59245 
59246 
59247 
59248 
59249 
59250 
59251 
59252 
59253 
59254 
59255 
59256 
59257 
59258 
59259 
59260 
59261 
59262 
59263 
59264 
59265 
59266 
59267 
59268 
59269 
59270 
59271 
59272 
59273 
59274 
59275 
59276 
59277 
59278 
59279 
59280 
59281 
59282 
59283 
59284 
59285 
59286 
59287 
59288 
59289 
59290 
59291 
59292 
59293 
59294 
59295 
59296 
59297 
59298 
59299 
59300 
59301 
59302 
59303 
59304 
59305 
59306 
59307 
59308 
59309 
59310 
59311 
59312 
59313 
59314 
59315 
59316 
59317 
59318 
59319 
59320 
59321 
59322 
59323 
59324 
59325 
59326 
59327 
59328 
59329 
59330 
59331 
59332 
59333 
59334 
59335 
59336 
59337 
59338 
)

// ************************************************************************* //
