/*--------------------------------*- C++ -*----------------------------------*\
| =========                 |                                                 |
| \\      /  F ield         | OpenFOAM: The Open Source CFD Toolbox           |
|  \\    /   O peration     | Version:  2.4.0                                 |
|   \\  /    A nd           | Web:      www.OpenFOAM.org                      |
|    \\/     M anipulation  |                                                 |
\*---------------------------------------------------------------------------*/
FoamFile
{
    version     2.0;
    format      ascii;
    class       cellSet;
    location    "constant/polyMesh/sets";
    object      region98;
}
// * * * * * * * * * * * * * * * * * * * * * * * * * * * * * * * * * * * * * //


343
(
33792 
33793 
33794 
33795 
33796 
33797 
33798 
33799 
33800 
33801 
33802 
33803 
33804 
33805 
33806 
33807 
33808 
33809 
33810 
33811 
33812 
33813 
33814 
33815 
33816 
33817 
33818 
33819 
33820 
33821 
33822 
33823 
33824 
33825 
33826 
33827 
33828 
33829 
33830 
33831 
33832 
33833 
33834 
33835 
33836 
33837 
33838 
33839 
33840 
33841 
33842 
33843 
33844 
33845 
33846 
33847 
33848 
33849 
33850 
33851 
33852 
33853 
33854 
33855 
33856 
33857 
33858 
33859 
33860 
33861 
33862 
33863 
33864 
33865 
33866 
33867 
33868 
33869 
33870 
33871 
33872 
33873 
33874 
33875 
33876 
33877 
33878 
33879 
33880 
33881 
33882 
33883 
33884 
33885 
33886 
33887 
33888 
33889 
33890 
33891 
33892 
33893 
33894 
33895 
33896 
33897 
33898 
33899 
33900 
33901 
33902 
33903 
33904 
33905 
33906 
33907 
33908 
33909 
33910 
33911 
33912 
33913 
33914 
33915 
33916 
33917 
33918 
33919 
33920 
33921 
33922 
33923 
33924 
33925 
33926 
33927 
33928 
33929 
33930 
33931 
33932 
33933 
33934 
33935 
33936 
33937 
33938 
33939 
33940 
33941 
33942 
33943 
33944 
33945 
33946 
33947 
33948 
33949 
33950 
33951 
33952 
33953 
33954 
33955 
33956 
33614 
33615 
33616 
33617 
33618 
33619 
33620 
33621 
33622 
33623 
33624 
33625 
33626 
33627 
33628 
33629 
33630 
33631 
33632 
33633 
33634 
33635 
33636 
33637 
33638 
33639 
33640 
33641 
33642 
33643 
33644 
33645 
33646 
33647 
33648 
33649 
33650 
33651 
33652 
33653 
33654 
33655 
33656 
33657 
33658 
33659 
33660 
33661 
33662 
33663 
33664 
33665 
33666 
33667 
33668 
33669 
33670 
33671 
33672 
33673 
33674 
33675 
33676 
33677 
33678 
33679 
33680 
33681 
33682 
33683 
33684 
33685 
33686 
33687 
33688 
33689 
33690 
33691 
33692 
33693 
33694 
33695 
33696 
33697 
33698 
33699 
33700 
33701 
33702 
33703 
33704 
33705 
33706 
33707 
33708 
33709 
33710 
33711 
33712 
33713 
33714 
33715 
33716 
33717 
33718 
33719 
33720 
33721 
33722 
33723 
33724 
33725 
33726 
33727 
33728 
33729 
33730 
33731 
33732 
33733 
33734 
33735 
33736 
33737 
33738 
33739 
33740 
33741 
33742 
33743 
33744 
33745 
33746 
33747 
33748 
33749 
33750 
33751 
33752 
33753 
33754 
33755 
33756 
33757 
33758 
33759 
33760 
33761 
33762 
33763 
33764 
33765 
33766 
33767 
33768 
33769 
33770 
33771 
33772 
33773 
33774 
33775 
33776 
33777 
33778 
33779 
33780 
33781 
33782 
33783 
33784 
33785 
33786 
33787 
33788 
33789 
33790 
33791 
)

// ************************************************************************* //
