/*--------------------------------*- C++ -*----------------------------------*\
| =========                 |                                                 |
| \\      /  F ield         | OpenFOAM: The Open Source CFD Toolbox           |
|  \\    /   O peration     | Version:  2.4.0                                 |
|   \\  /    A nd           | Web:      www.OpenFOAM.org                      |
|    \\/     M anipulation  |                                                 |
\*---------------------------------------------------------------------------*/
FoamFile
{
    version     2.0;
    format      ascii;
    class       cellSet;
    location    "constant/polyMesh/sets";
    object      region144;
}
// * * * * * * * * * * * * * * * * * * * * * * * * * * * * * * * * * * * * * //


343
(
49392 
49393 
49394 
49395 
49396 
49397 
49398 
49399 
49400 
49401 
49402 
49403 
49404 
49405 
49406 
49407 
49408 
49409 
49410 
49411 
49412 
49413 
49414 
49415 
49416 
49417 
49418 
49419 
49420 
49421 
49422 
49423 
49424 
49425 
49426 
49427 
49428 
49429 
49430 
49431 
49432 
49433 
49434 
49435 
49436 
49437 
49438 
49439 
49440 
49441 
49442 
49443 
49444 
49445 
49446 
49447 
49448 
49449 
49450 
49451 
49452 
49453 
49454 
49455 
49456 
49457 
49458 
49459 
49460 
49461 
49462 
49463 
49464 
49465 
49466 
49467 
49468 
49469 
49470 
49471 
49472 
49473 
49474 
49475 
49476 
49477 
49478 
49479 
49480 
49481 
49482 
49483 
49484 
49485 
49486 
49487 
49488 
49489 
49490 
49491 
49492 
49493 
49494 
49495 
49496 
49497 
49498 
49499 
49500 
49501 
49502 
49503 
49504 
49505 
49506 
49507 
49508 
49509 
49510 
49511 
49512 
49513 
49514 
49515 
49516 
49517 
49518 
49519 
49520 
49521 
49522 
49523 
49524 
49525 
49526 
49527 
49528 
49529 
49530 
49531 
49532 
49533 
49534 
49535 
49536 
49537 
49538 
49539 
49540 
49541 
49542 
49543 
49544 
49545 
49546 
49547 
49548 
49549 
49550 
49551 
49552 
49553 
49554 
49555 
49556 
49557 
49558 
49559 
49560 
49561 
49562 
49563 
49564 
49565 
49566 
49567 
49568 
49569 
49570 
49571 
49572 
49573 
49574 
49575 
49576 
49577 
49578 
49579 
49580 
49581 
49582 
49583 
49584 
49585 
49586 
49587 
49588 
49589 
49590 
49591 
49592 
49593 
49594 
49595 
49596 
49597 
49598 
49599 
49600 
49601 
49602 
49603 
49604 
49605 
49606 
49607 
49608 
49609 
49610 
49611 
49612 
49613 
49614 
49615 
49616 
49617 
49618 
49619 
49620 
49621 
49622 
49623 
49624 
49625 
49626 
49627 
49628 
49629 
49630 
49631 
49632 
49633 
49634 
49635 
49636 
49637 
49638 
49639 
49640 
49641 
49642 
49643 
49644 
49645 
49646 
49647 
49648 
49649 
49650 
49651 
49652 
49653 
49654 
49655 
49656 
49657 
49658 
49659 
49660 
49661 
49662 
49663 
49664 
49665 
49666 
49667 
49668 
49669 
49670 
49671 
49672 
49673 
49674 
49675 
49676 
49677 
49678 
49679 
49680 
49681 
49682 
49683 
49684 
49685 
49686 
49687 
49688 
49689 
49690 
49691 
49692 
49693 
49694 
49695 
49696 
49697 
49698 
49699 
49700 
49701 
49702 
49703 
49704 
49705 
49706 
49707 
49708 
49709 
49710 
49711 
49712 
49713 
49714 
49715 
49716 
49717 
49718 
49719 
49720 
49721 
49722 
49723 
49724 
49725 
49726 
49727 
49728 
49729 
49730 
49731 
49732 
49733 
49734 
)

// ************************************************************************* //
