/*--------------------------------*- C++ -*----------------------------------*\
| =========                 |                                                 |
| \\      /  F ield         | OpenFOAM: The Open Source CFD Toolbox           |
|  \\    /   O peration     | Version:  2.4.0                                 |
|   \\  /    A nd           | Web:      www.OpenFOAM.org                      |
|    \\/     M anipulation  |                                                 |
\*---------------------------------------------------------------------------*/
FoamFile
{
    version     2.0;
    format      ascii;
    class       cellSet;
    location    "constant/polyMesh/sets";
    object      region148;
}
// * * * * * * * * * * * * * * * * * * * * * * * * * * * * * * * * * * * * * //


343
(
50764 
50765 
50766 
50767 
50768 
50769 
50770 
50771 
50772 
50773 
50774 
50775 
50776 
50777 
50778 
50779 
50780 
50781 
50782 
50783 
50784 
50785 
50786 
50787 
50788 
50789 
50790 
50791 
50792 
50793 
50794 
50795 
50796 
50797 
50798 
50799 
50800 
50801 
50802 
50803 
50804 
50805 
50806 
50807 
50808 
50809 
50810 
50811 
50812 
50813 
50814 
50815 
50816 
50817 
50818 
50819 
50820 
50821 
50822 
50823 
50824 
50825 
50826 
50827 
50828 
50829 
50830 
50831 
50832 
50833 
50834 
50835 
50836 
50837 
50838 
50839 
50840 
50841 
50842 
50843 
50844 
50845 
50846 
50847 
50848 
50849 
50850 
50851 
50852 
50853 
50854 
50855 
50856 
50857 
50858 
50859 
50860 
50861 
50862 
50863 
50864 
50865 
50866 
50867 
50868 
50869 
50870 
50871 
50872 
50873 
50874 
50875 
50876 
50877 
50878 
50879 
50880 
50881 
50882 
50883 
50884 
50885 
50886 
50887 
50888 
50889 
50890 
50891 
50892 
50893 
50894 
50895 
50896 
50897 
50898 
50899 
50900 
50901 
50902 
50903 
50904 
50905 
50906 
50907 
50908 
50909 
50910 
50911 
50912 
50913 
50914 
50915 
50916 
50917 
50918 
50919 
50920 
50921 
50922 
50923 
50924 
50925 
50926 
50927 
50928 
50929 
50930 
50931 
50932 
50933 
50934 
50935 
50936 
50937 
50938 
50939 
50940 
50941 
50942 
50943 
50944 
50945 
50946 
50947 
50948 
50949 
50950 
50951 
50952 
50953 
50954 
50955 
50956 
50957 
50958 
50959 
50960 
50961 
50962 
50963 
50964 
50965 
50966 
50967 
50968 
50969 
50970 
50971 
50972 
50973 
50974 
50975 
50976 
50977 
50978 
50979 
50980 
50981 
50982 
50983 
50984 
50985 
50986 
50987 
50988 
50989 
50990 
50991 
50992 
50993 
50994 
50995 
50996 
50997 
50998 
50999 
51000 
51001 
51002 
51003 
51004 
51005 
51006 
51007 
51008 
51009 
51010 
51011 
51012 
51013 
51014 
51015 
51016 
51017 
51018 
51019 
51020 
51021 
51022 
51023 
51024 
51025 
51026 
51027 
51028 
51029 
51030 
51031 
51032 
51033 
51034 
51035 
51036 
51037 
51038 
51039 
51040 
51041 
51042 
51043 
51044 
51045 
51046 
51047 
51048 
51049 
51050 
51051 
51052 
51053 
51054 
51055 
51056 
51057 
51058 
51059 
51060 
51061 
51062 
51063 
51064 
51065 
51066 
51067 
51068 
51069 
51070 
51071 
51072 
51073 
51074 
51075 
51076 
51077 
51078 
51079 
51080 
51081 
51082 
51083 
51084 
51085 
51086 
51087 
51088 
51089 
51090 
51091 
51092 
51093 
51094 
51095 
51096 
51097 
51098 
51099 
51100 
51101 
51102 
51103 
51104 
51105 
51106 
)

// ************************************************************************* //
