/*--------------------------------*- C++ -*----------------------------------*\
| =========                 |                                                 |
| \\      /  F ield         | OpenFOAM: The Open Source CFD Toolbox           |
|  \\    /   O peration     | Version:  2.4.0                                 |
|   \\  /    A nd           | Web:      www.OpenFOAM.org                      |
|    \\/     M anipulation  |                                                 |
\*---------------------------------------------------------------------------*/
FoamFile
{
    version     2.0;
    format      ascii;
    class       cellSet;
    location    "constant/polyMesh/sets";
    object      region102;
}
// * * * * * * * * * * * * * * * * * * * * * * * * * * * * * * * * * * * * * //


343
(
34986 
34987 
34988 
34989 
34990 
34991 
34992 
34993 
34994 
34995 
34996 
34997 
34998 
34999 
35000 
35001 
35002 
35003 
35004 
35005 
35006 
35007 
35008 
35009 
35010 
35011 
35012 
35013 
35014 
35015 
35016 
35017 
35018 
35019 
35020 
35021 
35022 
35023 
35024 
35025 
35026 
35027 
35028 
35029 
35030 
35031 
35032 
35033 
35034 
35035 
35036 
35037 
35038 
35039 
35040 
35041 
35042 
35043 
35044 
35045 
35046 
35047 
35048 
35049 
35050 
35051 
35052 
35053 
35054 
35055 
35056 
35057 
35058 
35059 
35060 
35061 
35062 
35063 
35064 
35065 
35066 
35067 
35068 
35069 
35070 
35071 
35072 
35073 
35074 
35075 
35076 
35077 
35078 
35079 
35080 
35081 
35082 
35083 
35084 
35085 
35086 
35087 
35088 
35089 
35090 
35091 
35092 
35093 
35094 
35095 
35096 
35097 
35098 
35099 
35100 
35101 
35102 
35103 
35104 
35105 
35106 
35107 
35108 
35109 
35110 
35111 
35112 
35113 
35114 
35115 
35116 
35117 
35118 
35119 
35120 
35121 
35122 
35123 
35124 
35125 
35126 
35127 
35128 
35129 
35130 
35131 
35132 
35133 
35134 
35135 
35136 
35137 
35138 
35139 
35140 
35141 
35142 
35143 
35144 
35145 
35146 
35147 
35148 
35149 
35150 
35151 
35152 
35153 
35154 
35155 
35156 
35157 
35158 
35159 
35160 
35161 
35162 
35163 
35164 
35165 
35166 
35167 
35168 
35169 
35170 
35171 
35172 
35173 
35174 
35175 
35176 
35177 
35178 
35179 
35180 
35181 
35182 
35183 
35184 
35185 
35186 
35187 
35188 
35189 
35190 
35191 
35192 
35193 
35194 
35195 
35196 
35197 
35198 
35199 
35200 
35201 
35202 
35203 
35204 
35205 
35206 
35207 
35208 
35209 
35210 
35211 
35212 
35213 
35214 
35215 
35216 
35217 
35218 
35219 
35220 
35221 
35222 
35223 
35224 
35225 
35226 
35227 
35228 
35229 
35230 
35231 
35232 
35233 
35234 
35235 
35236 
35237 
35238 
35239 
35240 
35241 
35242 
35243 
35244 
35245 
35246 
35247 
35248 
35249 
35250 
35251 
35252 
35253 
35254 
35255 
35256 
35257 
35258 
35259 
35260 
35261 
35262 
35263 
35264 
35265 
35266 
35267 
35268 
35269 
35270 
35271 
35272 
35273 
35274 
35275 
35276 
35277 
35278 
35279 
35280 
35281 
35282 
35283 
35284 
35285 
35286 
35287 
35288 
35289 
35290 
35291 
35292 
35293 
35294 
35295 
35296 
35297 
35298 
35299 
35300 
35301 
35302 
35303 
35304 
35305 
35306 
35307 
35308 
35309 
35310 
35311 
35312 
35313 
35314 
35315 
35316 
35317 
35318 
35319 
35320 
35321 
35322 
35323 
35324 
35325 
35326 
35327 
35328 
)

// ************************************************************************* //
