/*--------------------------------*- C++ -*----------------------------------*\
| =========                 |                                                 |
| \\      /  F ield         | OpenFOAM: The Open Source CFD Toolbox           |
|  \\    /   O peration     | Version:  2.4.0                                 |
|   \\  /    A nd           | Web:      www.OpenFOAM.org                      |
|    \\/     M anipulation  |                                                 |
\*---------------------------------------------------------------------------*/
FoamFile
{
    version     2.0;
    format      ascii;
    class       cellSet;
    location    "constant/polyMesh/sets";
    object      region146;
}
// * * * * * * * * * * * * * * * * * * * * * * * * * * * * * * * * * * * * * //


343
(
50176 
50177 
50178 
50179 
50180 
50181 
50182 
50183 
50184 
50185 
50186 
50187 
50188 
50189 
50190 
50191 
50192 
50193 
50194 
50195 
50196 
50197 
50198 
50199 
50200 
50201 
50202 
50203 
50204 
50205 
50206 
50207 
50208 
50209 
50210 
50211 
50212 
50213 
50214 
50215 
50216 
50217 
50218 
50219 
50220 
50221 
50222 
50223 
50224 
50225 
50226 
50227 
50228 
50229 
50230 
50231 
50232 
50233 
50234 
50235 
50236 
50237 
50238 
50239 
50240 
50241 
50242 
50243 
50244 
50245 
50246 
50247 
50248 
50249 
50250 
50251 
50252 
50253 
50254 
50255 
50256 
50257 
50258 
50259 
50260 
50261 
50262 
50263 
50264 
50265 
50266 
50267 
50268 
50269 
50270 
50271 
50272 
50273 
50274 
50275 
50276 
50277 
50278 
50279 
50280 
50281 
50282 
50283 
50284 
50285 
50286 
50287 
50288 
50289 
50290 
50291 
50292 
50293 
50294 
50295 
50296 
50297 
50298 
50299 
50300 
50301 
50302 
50303 
50304 
50305 
50306 
50307 
50308 
50309 
50310 
50311 
50312 
50313 
50314 
50315 
50316 
50317 
50318 
50319 
50320 
50321 
50322 
50323 
50324 
50325 
50326 
50327 
50328 
50329 
50330 
50331 
50332 
50333 
50334 
50335 
50336 
50337 
50338 
50339 
50340 
50341 
50342 
50343 
50344 
50345 
50346 
50347 
50348 
50349 
50350 
50351 
50352 
50353 
50354 
50355 
50356 
50357 
50358 
50359 
50360 
50361 
50362 
50363 
50364 
50365 
50366 
50367 
50368 
50369 
50370 
50371 
50372 
50373 
50374 
50375 
50376 
50377 
50378 
50379 
50380 
50381 
50382 
50383 
50384 
50385 
50386 
50387 
50388 
50389 
50390 
50391 
50392 
50393 
50394 
50395 
50396 
50397 
50398 
50399 
50400 
50401 
50402 
50403 
50404 
50405 
50406 
50407 
50408 
50409 
50410 
50411 
50412 
50413 
50414 
50415 
50416 
50417 
50418 
50419 
50420 
50078 
50079 
50080 
50081 
50082 
50083 
50084 
50085 
50086 
50087 
50088 
50089 
50090 
50091 
50092 
50093 
50094 
50095 
50096 
50097 
50098 
50099 
50100 
50101 
50102 
50103 
50104 
50105 
50106 
50107 
50108 
50109 
50110 
50111 
50112 
50113 
50114 
50115 
50116 
50117 
50118 
50119 
50120 
50121 
50122 
50123 
50124 
50125 
50126 
50127 
50128 
50129 
50130 
50131 
50132 
50133 
50134 
50135 
50136 
50137 
50138 
50139 
50140 
50141 
50142 
50143 
50144 
50145 
50146 
50147 
50148 
50149 
50150 
50151 
50152 
50153 
50154 
50155 
50156 
50157 
50158 
50159 
50160 
50161 
50162 
50163 
50164 
50165 
50166 
50167 
50168 
50169 
50170 
50171 
50172 
50173 
50174 
50175 
)

// ************************************************************************* //
