/*--------------------------------*- C++ -*----------------------------------*\
| =========                 |                                                 |
| \\      /  F ield         | OpenFOAM: The Open Source CFD Toolbox           |
|  \\    /   O peration     | Version:  2.4.0                                 |
|   \\  /    A nd           | Web:      www.OpenFOAM.org                      |
|    \\/     M anipulation  |                                                 |
\*---------------------------------------------------------------------------*/
FoamFile
{
    version     2.0;
    format      ascii;
    class       cellSet;
    location    "constant/polyMesh/sets";
    object      region88;
}
// * * * * * * * * * * * * * * * * * * * * * * * * * * * * * * * * * * * * * //


343
(
30184 
30185 
30186 
30187 
30188 
30189 
30190 
30191 
30192 
30193 
30194 
30195 
30196 
30197 
30198 
30199 
30200 
30201 
30202 
30203 
30204 
30205 
30206 
30207 
30208 
30209 
30210 
30211 
30212 
30213 
30214 
30215 
30216 
30217 
30218 
30219 
30220 
30221 
30222 
30223 
30224 
30225 
30226 
30227 
30228 
30229 
30230 
30231 
30232 
30233 
30234 
30235 
30236 
30237 
30238 
30239 
30240 
30241 
30242 
30243 
30244 
30245 
30246 
30247 
30248 
30249 
30250 
30251 
30252 
30253 
30254 
30255 
30256 
30257 
30258 
30259 
30260 
30261 
30262 
30263 
30264 
30265 
30266 
30267 
30268 
30269 
30270 
30271 
30272 
30273 
30274 
30275 
30276 
30277 
30278 
30279 
30280 
30281 
30282 
30283 
30284 
30285 
30286 
30287 
30288 
30289 
30290 
30291 
30292 
30293 
30294 
30295 
30296 
30297 
30298 
30299 
30300 
30301 
30302 
30303 
30304 
30305 
30306 
30307 
30308 
30309 
30310 
30311 
30312 
30313 
30314 
30315 
30316 
30317 
30318 
30319 
30320 
30321 
30322 
30323 
30324 
30325 
30326 
30327 
30328 
30329 
30330 
30331 
30332 
30333 
30334 
30335 
30336 
30337 
30338 
30339 
30340 
30341 
30342 
30343 
30344 
30345 
30346 
30347 
30348 
30349 
30350 
30351 
30352 
30353 
30354 
30355 
30356 
30357 
30358 
30359 
30360 
30361 
30362 
30363 
30364 
30365 
30366 
30367 
30368 
30369 
30370 
30371 
30372 
30373 
30374 
30375 
30376 
30377 
30378 
30379 
30380 
30381 
30382 
30383 
30384 
30385 
30386 
30387 
30388 
30389 
30390 
30391 
30392 
30393 
30394 
30395 
30396 
30397 
30398 
30399 
30400 
30401 
30402 
30403 
30404 
30405 
30406 
30407 
30408 
30409 
30410 
30411 
30412 
30413 
30414 
30415 
30416 
30417 
30418 
30419 
30420 
30421 
30422 
30423 
30424 
30425 
30426 
30427 
30428 
30429 
30430 
30431 
30432 
30433 
30434 
30435 
30436 
30437 
30438 
30439 
30440 
30441 
30442 
30443 
30444 
30445 
30446 
30447 
30448 
30449 
30450 
30451 
30452 
30453 
30454 
30455 
30456 
30457 
30458 
30459 
30460 
30461 
30462 
30463 
30464 
30465 
30466 
30467 
30468 
30469 
30470 
30471 
30472 
30473 
30474 
30475 
30476 
30477 
30478 
30479 
30480 
30481 
30482 
30483 
30484 
30485 
30486 
30487 
30488 
30489 
30490 
30491 
30492 
30493 
30494 
30495 
30496 
30497 
30498 
30499 
30500 
30501 
30502 
30503 
30504 
30505 
30506 
30507 
30508 
30509 
30510 
30511 
30512 
30513 
30514 
30515 
30516 
30517 
30518 
30519 
30520 
30521 
30522 
30523 
30524 
30525 
30526 
)

// ************************************************************************* //
