/*--------------------------------*- C++ -*----------------------------------*\
| =========                 |                                                 |
| \\      /  F ield         | OpenFOAM: The Open Source CFD Toolbox           |
|  \\    /   O peration     | Version:  2.4.0                                 |
|   \\  /    A nd           | Web:      www.OpenFOAM.org                      |
|    \\/     M anipulation  |                                                 |
\*---------------------------------------------------------------------------*/
FoamFile
{
    version     2.0;
    format      ascii;
    class       cellSet;
    location    "constant/polyMesh/sets";
    object      region109;
}
// * * * * * * * * * * * * * * * * * * * * * * * * * * * * * * * * * * * * * //


343
(
37387 
37388 
37389 
37390 
37391 
37392 
37393 
37394 
37395 
37396 
37397 
37398 
37399 
37400 
37401 
37402 
37403 
37404 
37405 
37406 
37407 
37408 
37409 
37410 
37411 
37412 
37413 
37414 
37415 
37416 
37417 
37418 
37419 
37420 
37421 
37422 
37423 
37424 
37425 
37426 
37427 
37428 
37429 
37430 
37431 
37432 
37433 
37434 
37435 
37436 
37437 
37438 
37439 
37440 
37441 
37442 
37443 
37444 
37445 
37446 
37447 
37448 
37449 
37450 
37451 
37452 
37453 
37454 
37455 
37456 
37457 
37458 
37459 
37460 
37461 
37462 
37463 
37464 
37465 
37466 
37467 
37468 
37469 
37470 
37471 
37472 
37473 
37474 
37475 
37476 
37477 
37478 
37479 
37480 
37481 
37482 
37483 
37484 
37485 
37486 
37487 
37488 
37489 
37490 
37491 
37492 
37493 
37494 
37495 
37496 
37497 
37498 
37499 
37500 
37501 
37502 
37503 
37504 
37505 
37506 
37507 
37508 
37509 
37510 
37511 
37512 
37513 
37514 
37515 
37516 
37517 
37518 
37519 
37520 
37521 
37522 
37523 
37524 
37525 
37526 
37527 
37528 
37529 
37530 
37531 
37532 
37533 
37534 
37535 
37536 
37537 
37538 
37539 
37540 
37541 
37542 
37543 
37544 
37545 
37546 
37547 
37548 
37549 
37550 
37551 
37552 
37553 
37554 
37555 
37556 
37557 
37558 
37559 
37560 
37561 
37562 
37563 
37564 
37565 
37566 
37567 
37568 
37569 
37570 
37571 
37572 
37573 
37574 
37575 
37576 
37577 
37578 
37579 
37580 
37581 
37582 
37583 
37584 
37585 
37586 
37587 
37588 
37589 
37590 
37591 
37592 
37593 
37594 
37595 
37596 
37597 
37598 
37599 
37600 
37601 
37602 
37603 
37604 
37605 
37606 
37607 
37608 
37609 
37610 
37611 
37612 
37613 
37614 
37615 
37616 
37617 
37618 
37619 
37620 
37621 
37622 
37623 
37624 
37625 
37626 
37627 
37628 
37629 
37630 
37631 
37632 
37633 
37634 
37635 
37636 
37637 
37638 
37639 
37640 
37641 
37642 
37643 
37644 
37645 
37646 
37647 
37648 
37649 
37650 
37651 
37652 
37653 
37654 
37655 
37656 
37657 
37658 
37659 
37660 
37661 
37662 
37663 
37664 
37665 
37666 
37667 
37668 
37669 
37670 
37671 
37672 
37673 
37674 
37675 
37676 
37677 
37678 
37679 
37680 
37681 
37682 
37683 
37684 
37685 
37686 
37687 
37688 
37689 
37690 
37691 
37692 
37693 
37694 
37695 
37696 
37697 
37698 
37699 
37700 
37701 
37702 
37703 
37704 
37705 
37706 
37707 
37708 
37709 
37710 
37711 
37712 
37713 
37714 
37715 
37716 
37717 
37718 
37719 
37720 
37721 
37722 
37723 
37724 
37725 
37726 
37727 
37728 
37729 
)

// ************************************************************************* //
