/*--------------------------------*- C++ -*----------------------------------*\
| =========                 |                                                 |
| \\      /  F ield         | OpenFOAM: The Open Source CFD Toolbox           |
|  \\    /   O peration     | Version:  2.4.0                                 |
|   \\  /    A nd           | Web:      www.OpenFOAM.org                      |
|    \\/     M anipulation  |                                                 |
\*---------------------------------------------------------------------------*/
FoamFile
{
    version     2.0;
    format      ascii;
    class       cellSet;
    location    "constant/polyMesh/sets";
    object      region145;
}
// * * * * * * * * * * * * * * * * * * * * * * * * * * * * * * * * * * * * * //


343
(
49735 
49736 
49737 
49738 
49739 
49740 
49741 
49742 
49743 
49744 
49745 
49746 
49747 
49748 
49749 
49750 
49751 
49752 
49753 
49754 
49755 
49756 
49757 
49758 
49759 
49760 
49761 
49762 
49763 
49764 
49765 
49766 
49767 
49768 
49769 
49770 
49771 
49772 
49773 
49774 
49775 
49776 
49777 
49778 
49779 
49780 
49781 
49782 
49783 
49784 
49785 
49786 
49787 
49788 
49789 
49790 
49791 
49792 
49793 
49794 
49795 
49796 
49797 
49798 
49799 
49800 
49801 
49802 
49803 
49804 
49805 
49806 
49807 
49808 
49809 
49810 
49811 
49812 
49813 
49814 
49815 
49816 
49817 
49818 
49819 
49820 
49821 
49822 
49823 
49824 
49825 
49826 
49827 
49828 
49829 
49830 
49831 
49832 
49833 
49834 
49835 
49836 
49837 
49838 
49839 
49840 
49841 
49842 
49843 
49844 
49845 
49846 
49847 
49848 
49849 
49850 
49851 
49852 
49853 
49854 
49855 
49856 
49857 
49858 
49859 
49860 
49861 
49862 
49863 
49864 
49865 
49866 
49867 
49868 
49869 
49870 
49871 
49872 
49873 
49874 
49875 
49876 
49877 
49878 
49879 
49880 
49881 
49882 
49883 
49884 
49885 
49886 
49887 
49888 
49889 
49890 
49891 
49892 
49893 
49894 
49895 
49896 
49897 
49898 
49899 
49900 
49901 
49902 
49903 
49904 
49905 
49906 
49907 
49908 
49909 
49910 
49911 
49912 
49913 
49914 
49915 
49916 
49917 
49918 
49919 
49920 
49921 
49922 
49923 
49924 
49925 
49926 
49927 
49928 
49929 
49930 
49931 
49932 
49933 
49934 
49935 
49936 
49937 
49938 
49939 
49940 
49941 
49942 
49943 
49944 
49945 
49946 
49947 
49948 
49949 
49950 
49951 
49952 
49953 
49954 
49955 
49956 
49957 
49958 
49959 
49960 
49961 
49962 
49963 
49964 
49965 
49966 
49967 
49968 
49969 
49970 
49971 
49972 
49973 
49974 
49975 
49976 
49977 
49978 
49979 
49980 
49981 
49982 
49983 
49984 
49985 
49986 
49987 
49988 
49989 
49990 
49991 
49992 
49993 
49994 
49995 
49996 
49997 
49998 
49999 
50000 
50001 
50002 
50003 
50004 
50005 
50006 
50007 
50008 
50009 
50010 
50011 
50012 
50013 
50014 
50015 
50016 
50017 
50018 
50019 
50020 
50021 
50022 
50023 
50024 
50025 
50026 
50027 
50028 
50029 
50030 
50031 
50032 
50033 
50034 
50035 
50036 
50037 
50038 
50039 
50040 
50041 
50042 
50043 
50044 
50045 
50046 
50047 
50048 
50049 
50050 
50051 
50052 
50053 
50054 
50055 
50056 
50057 
50058 
50059 
50060 
50061 
50062 
50063 
50064 
50065 
50066 
50067 
50068 
50069 
50070 
50071 
50072 
50073 
50074 
50075 
50076 
50077 
)

// ************************************************************************* //
