/*--------------------------------*- C++ -*----------------------------------*\
| =========                 |                                                 |
| \\      /  F ield         | OpenFOAM: The Open Source CFD Toolbox           |
|  \\    /   O peration     | Version:  2.4.0                                 |
|   \\  /    A nd           | Web:      www.OpenFOAM.org                      |
|    \\/     M anipulation  |                                                 |
\*---------------------------------------------------------------------------*/
FoamFile
{
    version     2.0;
    format      ascii;
    class       cellSet;
    location    "constant/polyMesh/sets";
    object      region65;
}
// * * * * * * * * * * * * * * * * * * * * * * * * * * * * * * * * * * * * * //


343
(
22528 
22529 
22530 
22531 
22532 
22533 
22534 
22535 
22536 
22537 
22538 
22539 
22540 
22541 
22542 
22543 
22544 
22545 
22546 
22547 
22548 
22549 
22550 
22551 
22552 
22553 
22554 
22555 
22556 
22557 
22558 
22559 
22560 
22561 
22562 
22563 
22564 
22565 
22566 
22567 
22568 
22569 
22570 
22571 
22572 
22573 
22574 
22575 
22576 
22577 
22578 
22579 
22580 
22581 
22582 
22583 
22584 
22585 
22586 
22587 
22588 
22589 
22590 
22591 
22592 
22593 
22594 
22595 
22596 
22597 
22598 
22599 
22600 
22601 
22602 
22603 
22604 
22605 
22606 
22607 
22608 
22609 
22610 
22611 
22612 
22613 
22614 
22615 
22616 
22617 
22618 
22619 
22620 
22621 
22622 
22623 
22624 
22625 
22626 
22627 
22628 
22629 
22630 
22631 
22632 
22633 
22634 
22635 
22636 
22637 
22295 
22296 
22297 
22298 
22299 
22300 
22301 
22302 
22303 
22304 
22305 
22306 
22307 
22308 
22309 
22310 
22311 
22312 
22313 
22314 
22315 
22316 
22317 
22318 
22319 
22320 
22321 
22322 
22323 
22324 
22325 
22326 
22327 
22328 
22329 
22330 
22331 
22332 
22333 
22334 
22335 
22336 
22337 
22338 
22339 
22340 
22341 
22342 
22343 
22344 
22345 
22346 
22347 
22348 
22349 
22350 
22351 
22352 
22353 
22354 
22355 
22356 
22357 
22358 
22359 
22360 
22361 
22362 
22363 
22364 
22365 
22366 
22367 
22368 
22369 
22370 
22371 
22372 
22373 
22374 
22375 
22376 
22377 
22378 
22379 
22380 
22381 
22382 
22383 
22384 
22385 
22386 
22387 
22388 
22389 
22390 
22391 
22392 
22393 
22394 
22395 
22396 
22397 
22398 
22399 
22400 
22401 
22402 
22403 
22404 
22405 
22406 
22407 
22408 
22409 
22410 
22411 
22412 
22413 
22414 
22415 
22416 
22417 
22418 
22419 
22420 
22421 
22422 
22423 
22424 
22425 
22426 
22427 
22428 
22429 
22430 
22431 
22432 
22433 
22434 
22435 
22436 
22437 
22438 
22439 
22440 
22441 
22442 
22443 
22444 
22445 
22446 
22447 
22448 
22449 
22450 
22451 
22452 
22453 
22454 
22455 
22456 
22457 
22458 
22459 
22460 
22461 
22462 
22463 
22464 
22465 
22466 
22467 
22468 
22469 
22470 
22471 
22472 
22473 
22474 
22475 
22476 
22477 
22478 
22479 
22480 
22481 
22482 
22483 
22484 
22485 
22486 
22487 
22488 
22489 
22490 
22491 
22492 
22493 
22494 
22495 
22496 
22497 
22498 
22499 
22500 
22501 
22502 
22503 
22504 
22505 
22506 
22507 
22508 
22509 
22510 
22511 
22512 
22513 
22514 
22515 
22516 
22517 
22518 
22519 
22520 
22521 
22522 
22523 
22524 
22525 
22526 
22527 
)

// ************************************************************************* //
