/*--------------------------------*- C++ -*----------------------------------*\
| =========                 |                                                 |
| \\      /  F ield         | OpenFOAM: The Open Source CFD Toolbox           |
|  \\    /   O peration     | Version:  2.4.0                                 |
|   \\  /    A nd           | Web:      www.OpenFOAM.org                      |
|    \\/     M anipulation  |                                                 |
\*---------------------------------------------------------------------------*/
FoamFile
{
    version     2.0;
    format      ascii;
    class       cellSet;
    location    "constant/polyMesh/sets";
    object      region42;
}
// * * * * * * * * * * * * * * * * * * * * * * * * * * * * * * * * * * * * * //


343
(
14406 
14407 
14408 
14409 
14410 
14411 
14412 
14413 
14414 
14415 
14416 
14417 
14418 
14419 
14420 
14421 
14422 
14423 
14424 
14425 
14426 
14427 
14428 
14429 
14430 
14431 
14432 
14433 
14434 
14435 
14436 
14437 
14438 
14439 
14440 
14441 
14442 
14443 
14444 
14445 
14446 
14447 
14448 
14449 
14450 
14451 
14452 
14453 
14454 
14455 
14456 
14457 
14458 
14459 
14460 
14461 
14462 
14463 
14464 
14465 
14466 
14467 
14468 
14469 
14470 
14471 
14472 
14473 
14474 
14475 
14476 
14477 
14478 
14479 
14480 
14481 
14482 
14483 
14484 
14485 
14486 
14487 
14488 
14489 
14490 
14491 
14492 
14493 
14494 
14495 
14496 
14497 
14498 
14499 
14500 
14501 
14502 
14503 
14504 
14505 
14506 
14507 
14508 
14509 
14510 
14511 
14512 
14513 
14514 
14515 
14516 
14517 
14518 
14519 
14520 
14521 
14522 
14523 
14524 
14525 
14526 
14527 
14528 
14529 
14530 
14531 
14532 
14533 
14534 
14535 
14536 
14537 
14538 
14539 
14540 
14541 
14542 
14543 
14544 
14545 
14546 
14547 
14548 
14549 
14550 
14551 
14552 
14553 
14554 
14555 
14556 
14557 
14558 
14559 
14560 
14561 
14562 
14563 
14564 
14565 
14566 
14567 
14568 
14569 
14570 
14571 
14572 
14573 
14574 
14575 
14576 
14577 
14578 
14579 
14580 
14581 
14582 
14583 
14584 
14585 
14586 
14587 
14588 
14589 
14590 
14591 
14592 
14593 
14594 
14595 
14596 
14597 
14598 
14599 
14600 
14601 
14602 
14603 
14604 
14605 
14606 
14607 
14608 
14609 
14610 
14611 
14612 
14613 
14614 
14615 
14616 
14617 
14618 
14619 
14620 
14621 
14622 
14623 
14624 
14625 
14626 
14627 
14628 
14629 
14630 
14631 
14632 
14633 
14634 
14635 
14636 
14637 
14638 
14639 
14640 
14641 
14642 
14643 
14644 
14645 
14646 
14647 
14648 
14649 
14650 
14651 
14652 
14653 
14654 
14655 
14656 
14657 
14658 
14659 
14660 
14661 
14662 
14663 
14664 
14665 
14666 
14667 
14668 
14669 
14670 
14671 
14672 
14673 
14674 
14675 
14676 
14677 
14678 
14679 
14680 
14681 
14682 
14683 
14684 
14685 
14686 
14687 
14688 
14689 
14690 
14691 
14692 
14693 
14694 
14695 
14696 
14697 
14698 
14699 
14700 
14701 
14702 
14703 
14704 
14705 
14706 
14707 
14708 
14709 
14710 
14711 
14712 
14713 
14714 
14715 
14716 
14717 
14718 
14719 
14720 
14721 
14722 
14723 
14724 
14725 
14726 
14727 
14728 
14729 
14730 
14731 
14732 
14733 
14734 
14735 
14736 
14737 
14738 
14739 
14740 
14741 
14742 
14743 
14744 
14745 
14746 
14747 
14748 
)

// ************************************************************************* //
