/*--------------------------------*- C++ -*----------------------------------*\
| =========                 |                                                 |
| \\      /  F ield         | OpenFOAM: The Open Source CFD Toolbox           |
|  \\    /   O peration     | Version:  2.4.0                                 |
|   \\  /    A nd           | Web:      www.OpenFOAM.org                      |
|    \\/     M anipulation  |                                                 |
\*---------------------------------------------------------------------------*/
FoamFile
{
    version     2.0;
    format      ascii;
    class       cellSet;
    location    "constant/polyMesh/sets";
    object      region101;
}
// * * * * * * * * * * * * * * * * * * * * * * * * * * * * * * * * * * * * * //


343
(
34816 
34817 
34818 
34819 
34820 
34821 
34822 
34823 
34824 
34825 
34826 
34827 
34828 
34829 
34830 
34831 
34832 
34833 
34834 
34835 
34836 
34837 
34838 
34839 
34840 
34841 
34842 
34843 
34844 
34845 
34846 
34847 
34848 
34849 
34850 
34851 
34852 
34853 
34854 
34855 
34856 
34857 
34858 
34859 
34860 
34861 
34862 
34863 
34864 
34865 
34866 
34867 
34868 
34869 
34870 
34871 
34872 
34873 
34874 
34875 
34876 
34877 
34878 
34879 
34880 
34881 
34882 
34883 
34884 
34885 
34886 
34887 
34888 
34889 
34890 
34891 
34892 
34893 
34894 
34895 
34896 
34897 
34898 
34899 
34900 
34901 
34902 
34903 
34904 
34905 
34906 
34907 
34908 
34909 
34910 
34911 
34912 
34913 
34914 
34915 
34916 
34917 
34918 
34919 
34920 
34921 
34922 
34923 
34924 
34925 
34926 
34927 
34928 
34929 
34930 
34931 
34932 
34933 
34934 
34935 
34936 
34937 
34938 
34939 
34940 
34941 
34942 
34943 
34944 
34945 
34946 
34947 
34948 
34949 
34950 
34951 
34952 
34953 
34954 
34955 
34956 
34957 
34958 
34959 
34960 
34961 
34962 
34963 
34964 
34965 
34966 
34967 
34968 
34969 
34970 
34971 
34972 
34973 
34974 
34975 
34976 
34977 
34978 
34979 
34980 
34981 
34982 
34983 
34984 
34985 
34643 
34644 
34645 
34646 
34647 
34648 
34649 
34650 
34651 
34652 
34653 
34654 
34655 
34656 
34657 
34658 
34659 
34660 
34661 
34662 
34663 
34664 
34665 
34666 
34667 
34668 
34669 
34670 
34671 
34672 
34673 
34674 
34675 
34676 
34677 
34678 
34679 
34680 
34681 
34682 
34683 
34684 
34685 
34686 
34687 
34688 
34689 
34690 
34691 
34692 
34693 
34694 
34695 
34696 
34697 
34698 
34699 
34700 
34701 
34702 
34703 
34704 
34705 
34706 
34707 
34708 
34709 
34710 
34711 
34712 
34713 
34714 
34715 
34716 
34717 
34718 
34719 
34720 
34721 
34722 
34723 
34724 
34725 
34726 
34727 
34728 
34729 
34730 
34731 
34732 
34733 
34734 
34735 
34736 
34737 
34738 
34739 
34740 
34741 
34742 
34743 
34744 
34745 
34746 
34747 
34748 
34749 
34750 
34751 
34752 
34753 
34754 
34755 
34756 
34757 
34758 
34759 
34760 
34761 
34762 
34763 
34764 
34765 
34766 
34767 
34768 
34769 
34770 
34771 
34772 
34773 
34774 
34775 
34776 
34777 
34778 
34779 
34780 
34781 
34782 
34783 
34784 
34785 
34786 
34787 
34788 
34789 
34790 
34791 
34792 
34793 
34794 
34795 
34796 
34797 
34798 
34799 
34800 
34801 
34802 
34803 
34804 
34805 
34806 
34807 
34808 
34809 
34810 
34811 
34812 
34813 
34814 
34815 
)

// ************************************************************************* //
