/*--------------------------------*- C++ -*----------------------------------*\
| =========                 |                                                 |
| \\      /  F ield         | OpenFOAM: The Open Source CFD Toolbox           |
|  \\    /   O peration     | Version:  2.4.0                                 |
|   \\  /    A nd           | Web:      www.OpenFOAM.org                      |
|    \\/     M anipulation  |                                                 |
\*---------------------------------------------------------------------------*/
FoamFile
{
    version     2.0;
    format      ascii;
    class       cellSet;
    location    "constant/polyMesh/sets";
    object      region57;
}
// * * * * * * * * * * * * * * * * * * * * * * * * * * * * * * * * * * * * * //


343
(
19551 
19552 
19553 
19554 
19555 
19556 
19557 
19558 
19559 
19560 
19561 
19562 
19563 
19564 
19565 
19566 
19567 
19568 
19569 
19570 
19571 
19572 
19573 
19574 
19575 
19576 
19577 
19578 
19579 
19580 
19581 
19582 
19583 
19584 
19585 
19586 
19587 
19588 
19589 
19590 
19591 
19592 
19593 
19594 
19595 
19596 
19597 
19598 
19599 
19600 
19601 
19602 
19603 
19604 
19605 
19606 
19607 
19608 
19609 
19610 
19611 
19612 
19613 
19614 
19615 
19616 
19617 
19618 
19619 
19620 
19621 
19622 
19623 
19624 
19625 
19626 
19627 
19628 
19629 
19630 
19631 
19632 
19633 
19634 
19635 
19636 
19637 
19638 
19639 
19640 
19641 
19642 
19643 
19644 
19645 
19646 
19647 
19648 
19649 
19650 
19651 
19652 
19653 
19654 
19655 
19656 
19657 
19658 
19659 
19660 
19661 
19662 
19663 
19664 
19665 
19666 
19667 
19668 
19669 
19670 
19671 
19672 
19673 
19674 
19675 
19676 
19677 
19678 
19679 
19680 
19681 
19682 
19683 
19684 
19685 
19686 
19687 
19688 
19689 
19690 
19691 
19692 
19693 
19694 
19695 
19696 
19697 
19698 
19699 
19700 
19701 
19702 
19703 
19704 
19705 
19706 
19707 
19708 
19709 
19710 
19711 
19712 
19713 
19714 
19715 
19716 
19717 
19718 
19719 
19720 
19721 
19722 
19723 
19724 
19725 
19726 
19727 
19728 
19729 
19730 
19731 
19732 
19733 
19734 
19735 
19736 
19737 
19738 
19739 
19740 
19741 
19742 
19743 
19744 
19745 
19746 
19747 
19748 
19749 
19750 
19751 
19752 
19753 
19754 
19755 
19756 
19757 
19758 
19759 
19760 
19761 
19762 
19763 
19764 
19765 
19766 
19767 
19768 
19769 
19770 
19771 
19772 
19773 
19774 
19775 
19776 
19777 
19778 
19779 
19780 
19781 
19782 
19783 
19784 
19785 
19786 
19787 
19788 
19789 
19790 
19791 
19792 
19793 
19794 
19795 
19796 
19797 
19798 
19799 
19800 
19801 
19802 
19803 
19804 
19805 
19806 
19807 
19808 
19809 
19810 
19811 
19812 
19813 
19814 
19815 
19816 
19817 
19818 
19819 
19820 
19821 
19822 
19823 
19824 
19825 
19826 
19827 
19828 
19829 
19830 
19831 
19832 
19833 
19834 
19835 
19836 
19837 
19838 
19839 
19840 
19841 
19842 
19843 
19844 
19845 
19846 
19847 
19848 
19849 
19850 
19851 
19852 
19853 
19854 
19855 
19856 
19857 
19858 
19859 
19860 
19861 
19862 
19863 
19864 
19865 
19866 
19867 
19868 
19869 
19870 
19871 
19872 
19873 
19874 
19875 
19876 
19877 
19878 
19879 
19880 
19881 
19882 
19883 
19884 
19885 
19886 
19887 
19888 
19889 
19890 
19891 
19892 
19893 
)

// ************************************************************************* //
