/*--------------------------------*- C++ -*----------------------------------*\
| =========                 |                                                 |
| \\      /  F ield         | OpenFOAM: The Open Source CFD Toolbox           |
|  \\    /   O peration     | Version:  2.4.0                                 |
|   \\  /    A nd           | Web:      www.OpenFOAM.org                      |
|    \\/     M anipulation  |                                                 |
\*---------------------------------------------------------------------------*/
FoamFile
{
    version     2.0;
    format      ascii;
    class       cellSet;
    location    "constant/polyMesh/sets";
    object      region143;
}
// * * * * * * * * * * * * * * * * * * * * * * * * * * * * * * * * * * * * * //


343
(
49152 
49153 
49154 
49155 
49156 
49157 
49158 
49159 
49160 
49161 
49162 
49163 
49164 
49165 
49166 
49167 
49168 
49169 
49170 
49171 
49172 
49173 
49174 
49175 
49176 
49177 
49178 
49179 
49180 
49181 
49182 
49183 
49184 
49185 
49186 
49187 
49188 
49189 
49190 
49191 
49192 
49193 
49194 
49195 
49196 
49197 
49198 
49199 
49200 
49201 
49202 
49203 
49204 
49205 
49206 
49207 
49208 
49209 
49210 
49211 
49212 
49213 
49214 
49215 
49216 
49217 
49218 
49219 
49220 
49221 
49222 
49223 
49224 
49225 
49226 
49227 
49228 
49229 
49230 
49231 
49232 
49233 
49234 
49235 
49236 
49237 
49238 
49239 
49240 
49241 
49242 
49243 
49244 
49245 
49246 
49247 
49248 
49249 
49250 
49251 
49252 
49253 
49254 
49255 
49256 
49257 
49258 
49259 
49260 
49261 
49262 
49263 
49264 
49265 
49266 
49267 
49268 
49269 
49270 
49271 
49272 
49273 
49274 
49275 
49276 
49277 
49278 
49279 
49280 
49281 
49282 
49283 
49284 
49285 
49286 
49287 
49288 
49289 
49290 
49291 
49292 
49293 
49294 
49295 
49296 
49297 
49298 
49299 
49300 
49301 
49302 
49303 
49304 
49305 
49306 
49307 
49308 
49309 
49310 
49311 
49312 
49313 
49314 
49315 
49316 
49317 
49318 
49319 
49320 
49321 
49322 
49323 
49324 
49325 
49326 
49327 
49328 
49329 
49330 
49331 
49332 
49333 
49334 
49335 
49336 
49337 
49338 
49339 
49340 
49341 
49342 
49343 
49344 
49345 
49346 
49347 
49348 
49349 
49350 
49351 
49352 
49353 
49354 
49355 
49356 
49357 
49358 
49359 
49360 
49361 
49362 
49363 
49364 
49365 
49366 
49367 
49368 
49369 
49370 
49371 
49372 
49373 
49374 
49375 
49376 
49377 
49378 
49379 
49380 
49381 
49382 
49383 
49384 
49385 
49386 
49387 
49388 
49389 
49390 
49391 
49049 
49050 
49051 
49052 
49053 
49054 
49055 
49056 
49057 
49058 
49059 
49060 
49061 
49062 
49063 
49064 
49065 
49066 
49067 
49068 
49069 
49070 
49071 
49072 
49073 
49074 
49075 
49076 
49077 
49078 
49079 
49080 
49081 
49082 
49083 
49084 
49085 
49086 
49087 
49088 
49089 
49090 
49091 
49092 
49093 
49094 
49095 
49096 
49097 
49098 
49099 
49100 
49101 
49102 
49103 
49104 
49105 
49106 
49107 
49108 
49109 
49110 
49111 
49112 
49113 
49114 
49115 
49116 
49117 
49118 
49119 
49120 
49121 
49122 
49123 
49124 
49125 
49126 
49127 
49128 
49129 
49130 
49131 
49132 
49133 
49134 
49135 
49136 
49137 
49138 
49139 
49140 
49141 
49142 
49143 
49144 
49145 
49146 
49147 
49148 
49149 
49150 
49151 
)

// ************************************************************************* //
