/*--------------------------------*- C++ -*----------------------------------*\
| =========                 |                                                 |
| \\      /  F ield         | OpenFOAM: The Open Source CFD Toolbox           |
|  \\    /   O peration     | Version:  2.4.0                                 |
|   \\  /    A nd           | Web:      www.OpenFOAM.org                      |
|    \\/     M anipulation  |                                                 |
\*---------------------------------------------------------------------------*/
FoamFile
{
    version     2.0;
    format      ascii;
    class       cellSet;
    location    "constant/polyMesh/sets";
    object      region50;
}
// * * * * * * * * * * * * * * * * * * * * * * * * * * * * * * * * * * * * * //


343
(
17408 
17409 
17410 
17411 
17412 
17413 
17414 
17415 
17416 
17417 
17418 
17419 
17420 
17421 
17422 
17423 
17424 
17425 
17426 
17427 
17428 
17429 
17430 
17431 
17432 
17433 
17434 
17435 
17436 
17437 
17438 
17439 
17440 
17441 
17442 
17443 
17444 
17445 
17446 
17447 
17448 
17449 
17450 
17451 
17452 
17453 
17454 
17455 
17456 
17457 
17458 
17459 
17460 
17461 
17462 
17463 
17464 
17465 
17466 
17467 
17468 
17469 
17470 
17471 
17472 
17473 
17474 
17475 
17476 
17477 
17478 
17479 
17480 
17481 
17482 
17483 
17484 
17485 
17486 
17487 
17488 
17489 
17490 
17491 
17492 
17150 
17151 
17152 
17153 
17154 
17155 
17156 
17157 
17158 
17159 
17160 
17161 
17162 
17163 
17164 
17165 
17166 
17167 
17168 
17169 
17170 
17171 
17172 
17173 
17174 
17175 
17176 
17177 
17178 
17179 
17180 
17181 
17182 
17183 
17184 
17185 
17186 
17187 
17188 
17189 
17190 
17191 
17192 
17193 
17194 
17195 
17196 
17197 
17198 
17199 
17200 
17201 
17202 
17203 
17204 
17205 
17206 
17207 
17208 
17209 
17210 
17211 
17212 
17213 
17214 
17215 
17216 
17217 
17218 
17219 
17220 
17221 
17222 
17223 
17224 
17225 
17226 
17227 
17228 
17229 
17230 
17231 
17232 
17233 
17234 
17235 
17236 
17237 
17238 
17239 
17240 
17241 
17242 
17243 
17244 
17245 
17246 
17247 
17248 
17249 
17250 
17251 
17252 
17253 
17254 
17255 
17256 
17257 
17258 
17259 
17260 
17261 
17262 
17263 
17264 
17265 
17266 
17267 
17268 
17269 
17270 
17271 
17272 
17273 
17274 
17275 
17276 
17277 
17278 
17279 
17280 
17281 
17282 
17283 
17284 
17285 
17286 
17287 
17288 
17289 
17290 
17291 
17292 
17293 
17294 
17295 
17296 
17297 
17298 
17299 
17300 
17301 
17302 
17303 
17304 
17305 
17306 
17307 
17308 
17309 
17310 
17311 
17312 
17313 
17314 
17315 
17316 
17317 
17318 
17319 
17320 
17321 
17322 
17323 
17324 
17325 
17326 
17327 
17328 
17329 
17330 
17331 
17332 
17333 
17334 
17335 
17336 
17337 
17338 
17339 
17340 
17341 
17342 
17343 
17344 
17345 
17346 
17347 
17348 
17349 
17350 
17351 
17352 
17353 
17354 
17355 
17356 
17357 
17358 
17359 
17360 
17361 
17362 
17363 
17364 
17365 
17366 
17367 
17368 
17369 
17370 
17371 
17372 
17373 
17374 
17375 
17376 
17377 
17378 
17379 
17380 
17381 
17382 
17383 
17384 
17385 
17386 
17387 
17388 
17389 
17390 
17391 
17392 
17393 
17394 
17395 
17396 
17397 
17398 
17399 
17400 
17401 
17402 
17403 
17404 
17405 
17406 
17407 
)

// ************************************************************************* //
