/*--------------------------------*- C++ -*----------------------------------*\
| =========                 |                                                 |
| \\      /  F ield         | OpenFOAM: The Open Source CFD Toolbox           |
|  \\    /   O peration     | Version:  2.4.0                                 |
|   \\  /    A nd           | Web:      www.OpenFOAM.org                      |
|    \\/     M anipulation  |                                                 |
\*---------------------------------------------------------------------------*/
FoamFile
{
    version     2.0;
    format      ascii;
    class       cellSet;
    location    "constant/polyMesh/sets";
    object      region149;
}
// * * * * * * * * * * * * * * * * * * * * * * * * * * * * * * * * * * * * * //


343
(
51200 
51201 
51202 
51203 
51204 
51205 
51206 
51207 
51208 
51209 
51210 
51211 
51212 
51213 
51214 
51215 
51216 
51217 
51218 
51219 
51220 
51221 
51222 
51223 
51224 
51225 
51226 
51227 
51228 
51229 
51230 
51231 
51232 
51233 
51234 
51235 
51236 
51237 
51238 
51239 
51240 
51241 
51242 
51243 
51244 
51245 
51246 
51247 
51248 
51249 
51250 
51251 
51252 
51253 
51254 
51255 
51256 
51257 
51258 
51259 
51260 
51261 
51262 
51263 
51264 
51265 
51266 
51267 
51268 
51269 
51270 
51271 
51272 
51273 
51274 
51275 
51276 
51277 
51278 
51279 
51280 
51281 
51282 
51283 
51284 
51285 
51286 
51287 
51288 
51289 
51290 
51291 
51292 
51293 
51294 
51295 
51296 
51297 
51298 
51299 
51300 
51301 
51302 
51303 
51304 
51305 
51306 
51307 
51308 
51309 
51310 
51311 
51312 
51313 
51314 
51315 
51316 
51317 
51318 
51319 
51320 
51321 
51322 
51323 
51324 
51325 
51326 
51327 
51328 
51329 
51330 
51331 
51332 
51333 
51334 
51335 
51336 
51337 
51338 
51339 
51340 
51341 
51342 
51343 
51344 
51345 
51346 
51347 
51348 
51349 
51350 
51351 
51352 
51353 
51354 
51355 
51356 
51357 
51358 
51359 
51360 
51361 
51362 
51363 
51364 
51365 
51366 
51367 
51368 
51369 
51370 
51371 
51372 
51373 
51374 
51375 
51376 
51377 
51378 
51379 
51380 
51381 
51382 
51383 
51384 
51385 
51386 
51387 
51388 
51389 
51390 
51391 
51392 
51393 
51394 
51395 
51396 
51397 
51398 
51399 
51400 
51401 
51402 
51403 
51404 
51405 
51406 
51407 
51408 
51409 
51410 
51411 
51412 
51413 
51414 
51415 
51416 
51417 
51418 
51419 
51420 
51421 
51422 
51423 
51424 
51425 
51426 
51427 
51428 
51429 
51430 
51431 
51432 
51433 
51434 
51435 
51436 
51437 
51438 
51439 
51440 
51441 
51442 
51443 
51444 
51445 
51446 
51447 
51448 
51449 
51107 
51108 
51109 
51110 
51111 
51112 
51113 
51114 
51115 
51116 
51117 
51118 
51119 
51120 
51121 
51122 
51123 
51124 
51125 
51126 
51127 
51128 
51129 
51130 
51131 
51132 
51133 
51134 
51135 
51136 
51137 
51138 
51139 
51140 
51141 
51142 
51143 
51144 
51145 
51146 
51147 
51148 
51149 
51150 
51151 
51152 
51153 
51154 
51155 
51156 
51157 
51158 
51159 
51160 
51161 
51162 
51163 
51164 
51165 
51166 
51167 
51168 
51169 
51170 
51171 
51172 
51173 
51174 
51175 
51176 
51177 
51178 
51179 
51180 
51181 
51182 
51183 
51184 
51185 
51186 
51187 
51188 
51189 
51190 
51191 
51192 
51193 
51194 
51195 
51196 
51197 
51198 
51199 
)

// ************************************************************************* //
