/*--------------------------------*- C++ -*----------------------------------*\
| =========                 |                                                 |
| \\      /  F ield         | OpenFOAM: The Open Source CFD Toolbox           |
|  \\    /   O peration     | Version:  2.4.0                                 |
|   \\  /    A nd           | Web:      www.OpenFOAM.org                      |
|    \\/     M anipulation  |                                                 |
\*---------------------------------------------------------------------------*/
FoamFile
{
    version     2.0;
    format      ascii;
    class       cellSet;
    location    "constant/polyMesh/sets";
    object      region126;
}
// * * * * * * * * * * * * * * * * * * * * * * * * * * * * * * * * * * * * * //


343
(
43218 
43219 
43220 
43221 
43222 
43223 
43224 
43225 
43226 
43227 
43228 
43229 
43230 
43231 
43232 
43233 
43234 
43235 
43236 
43237 
43238 
43239 
43240 
43241 
43242 
43243 
43244 
43245 
43246 
43247 
43248 
43249 
43250 
43251 
43252 
43253 
43254 
43255 
43256 
43257 
43258 
43259 
43260 
43261 
43262 
43263 
43264 
43265 
43266 
43267 
43268 
43269 
43270 
43271 
43272 
43273 
43274 
43275 
43276 
43277 
43278 
43279 
43280 
43281 
43282 
43283 
43284 
43285 
43286 
43287 
43288 
43289 
43290 
43291 
43292 
43293 
43294 
43295 
43296 
43297 
43298 
43299 
43300 
43301 
43302 
43303 
43304 
43305 
43306 
43307 
43308 
43309 
43310 
43311 
43312 
43313 
43314 
43315 
43316 
43317 
43318 
43319 
43320 
43321 
43322 
43323 
43324 
43325 
43326 
43327 
43328 
43329 
43330 
43331 
43332 
43333 
43334 
43335 
43336 
43337 
43338 
43339 
43340 
43341 
43342 
43343 
43344 
43345 
43346 
43347 
43348 
43349 
43350 
43351 
43352 
43353 
43354 
43355 
43356 
43357 
43358 
43359 
43360 
43361 
43362 
43363 
43364 
43365 
43366 
43367 
43368 
43369 
43370 
43371 
43372 
43373 
43374 
43375 
43376 
43377 
43378 
43379 
43380 
43381 
43382 
43383 
43384 
43385 
43386 
43387 
43388 
43389 
43390 
43391 
43392 
43393 
43394 
43395 
43396 
43397 
43398 
43399 
43400 
43401 
43402 
43403 
43404 
43405 
43406 
43407 
43408 
43409 
43410 
43411 
43412 
43413 
43414 
43415 
43416 
43417 
43418 
43419 
43420 
43421 
43422 
43423 
43424 
43425 
43426 
43427 
43428 
43429 
43430 
43431 
43432 
43433 
43434 
43435 
43436 
43437 
43438 
43439 
43440 
43441 
43442 
43443 
43444 
43445 
43446 
43447 
43448 
43449 
43450 
43451 
43452 
43453 
43454 
43455 
43456 
43457 
43458 
43459 
43460 
43461 
43462 
43463 
43464 
43465 
43466 
43467 
43468 
43469 
43470 
43471 
43472 
43473 
43474 
43475 
43476 
43477 
43478 
43479 
43480 
43481 
43482 
43483 
43484 
43485 
43486 
43487 
43488 
43489 
43490 
43491 
43492 
43493 
43494 
43495 
43496 
43497 
43498 
43499 
43500 
43501 
43502 
43503 
43504 
43505 
43506 
43507 
43508 
43509 
43510 
43511 
43512 
43513 
43514 
43515 
43516 
43517 
43518 
43519 
43520 
43521 
43522 
43523 
43524 
43525 
43526 
43527 
43528 
43529 
43530 
43531 
43532 
43533 
43534 
43535 
43536 
43537 
43538 
43539 
43540 
43541 
43542 
43543 
43544 
43545 
43546 
43547 
43548 
43549 
43550 
43551 
43552 
43553 
43554 
43555 
43556 
43557 
43558 
43559 
43560 
)

// ************************************************************************* //
