/*--------------------------------*- C++ -*----------------------------------*\
| =========                 |                                                 |
| \\      /  F ield         | OpenFOAM: The Open Source CFD Toolbox           |
|  \\    /   O peration     | Version:  2.4.0                                 |
|   \\  /    A nd           | Web:      www.OpenFOAM.org                      |
|    \\/     M anipulation  |                                                 |
\*---------------------------------------------------------------------------*/
FoamFile
{
    version     2.0;
    format      ascii;
    class       cellSet;
    location    "constant/polyMesh/sets";
    object      region141;
}
// * * * * * * * * * * * * * * * * * * * * * * * * * * * * * * * * * * * * * //


343
(
48363 
48364 
48365 
48366 
48367 
48368 
48369 
48370 
48371 
48372 
48373 
48374 
48375 
48376 
48377 
48378 
48379 
48380 
48381 
48382 
48383 
48384 
48385 
48386 
48387 
48388 
48389 
48390 
48391 
48392 
48393 
48394 
48395 
48396 
48397 
48398 
48399 
48400 
48401 
48402 
48403 
48404 
48405 
48406 
48407 
48408 
48409 
48410 
48411 
48412 
48413 
48414 
48415 
48416 
48417 
48418 
48419 
48420 
48421 
48422 
48423 
48424 
48425 
48426 
48427 
48428 
48429 
48430 
48431 
48432 
48433 
48434 
48435 
48436 
48437 
48438 
48439 
48440 
48441 
48442 
48443 
48444 
48445 
48446 
48447 
48448 
48449 
48450 
48451 
48452 
48453 
48454 
48455 
48456 
48457 
48458 
48459 
48460 
48461 
48462 
48463 
48464 
48465 
48466 
48467 
48468 
48469 
48470 
48471 
48472 
48473 
48474 
48475 
48476 
48477 
48478 
48479 
48480 
48481 
48482 
48483 
48484 
48485 
48486 
48487 
48488 
48489 
48490 
48491 
48492 
48493 
48494 
48495 
48496 
48497 
48498 
48499 
48500 
48501 
48502 
48503 
48504 
48505 
48506 
48507 
48508 
48509 
48510 
48511 
48512 
48513 
48514 
48515 
48516 
48517 
48518 
48519 
48520 
48521 
48522 
48523 
48524 
48525 
48526 
48527 
48528 
48529 
48530 
48531 
48532 
48533 
48534 
48535 
48536 
48537 
48538 
48539 
48540 
48541 
48542 
48543 
48544 
48545 
48546 
48547 
48548 
48549 
48550 
48551 
48552 
48553 
48554 
48555 
48556 
48557 
48558 
48559 
48560 
48561 
48562 
48563 
48564 
48565 
48566 
48567 
48568 
48569 
48570 
48571 
48572 
48573 
48574 
48575 
48576 
48577 
48578 
48579 
48580 
48581 
48582 
48583 
48584 
48585 
48586 
48587 
48588 
48589 
48590 
48591 
48592 
48593 
48594 
48595 
48596 
48597 
48598 
48599 
48600 
48601 
48602 
48603 
48604 
48605 
48606 
48607 
48608 
48609 
48610 
48611 
48612 
48613 
48614 
48615 
48616 
48617 
48618 
48619 
48620 
48621 
48622 
48623 
48624 
48625 
48626 
48627 
48628 
48629 
48630 
48631 
48632 
48633 
48634 
48635 
48636 
48637 
48638 
48639 
48640 
48641 
48642 
48643 
48644 
48645 
48646 
48647 
48648 
48649 
48650 
48651 
48652 
48653 
48654 
48655 
48656 
48657 
48658 
48659 
48660 
48661 
48662 
48663 
48664 
48665 
48666 
48667 
48668 
48669 
48670 
48671 
48672 
48673 
48674 
48675 
48676 
48677 
48678 
48679 
48680 
48681 
48682 
48683 
48684 
48685 
48686 
48687 
48688 
48689 
48690 
48691 
48692 
48693 
48694 
48695 
48696 
48697 
48698 
48699 
48700 
48701 
48702 
48703 
48704 
48705 
)

// ************************************************************************* //
