/*--------------------------------*- C++ -*----------------------------------*\
| =========                 |                                                 |
| \\      /  F ield         | OpenFOAM: The Open Source CFD Toolbox           |
|  \\    /   O peration     | Version:  2.4.0                                 |
|   \\  /    A nd           | Web:      www.OpenFOAM.org                      |
|    \\/     M anipulation  |                                                 |
\*---------------------------------------------------------------------------*/
FoamFile
{
    version     2.0;
    format      ascii;
    class       cellSet;
    location    "constant/polyMesh/sets";
    object      region110;
}
// * * * * * * * * * * * * * * * * * * * * * * * * * * * * * * * * * * * * * //


343
(
37888 
37889 
37890 
37891 
37892 
37893 
37894 
37895 
37896 
37897 
37898 
37899 
37900 
37901 
37902 
37903 
37904 
37905 
37906 
37907 
37908 
37909 
37910 
37911 
37912 
37913 
37914 
37915 
37916 
37917 
37918 
37919 
37920 
37921 
37922 
37923 
37924 
37925 
37926 
37927 
37928 
37929 
37930 
37931 
37932 
37933 
37934 
37935 
37936 
37937 
37938 
37939 
37940 
37941 
37942 
37943 
37944 
37945 
37946 
37947 
37948 
37949 
37950 
37951 
37952 
37953 
37954 
37955 
37956 
37957 
37958 
37959 
37960 
37961 
37962 
37963 
37964 
37965 
37966 
37967 
37968 
37969 
37970 
37971 
37972 
37973 
37974 
37975 
37976 
37977 
37978 
37979 
37980 
37981 
37982 
37983 
37984 
37985 
37986 
37987 
37988 
37989 
37990 
37991 
37992 
37993 
37994 
37995 
37996 
37997 
37998 
37999 
38000 
38001 
38002 
38003 
38004 
38005 
38006 
38007 
38008 
38009 
38010 
38011 
38012 
38013 
38014 
38015 
38016 
38017 
38018 
38019 
38020 
38021 
38022 
38023 
38024 
38025 
38026 
38027 
38028 
38029 
38030 
38031 
38032 
38033 
38034 
38035 
38036 
38037 
38038 
38039 
38040 
38041 
38042 
38043 
38044 
38045 
38046 
38047 
38048 
38049 
38050 
38051 
38052 
38053 
38054 
38055 
38056 
38057 
38058 
38059 
38060 
38061 
38062 
38063 
38064 
38065 
38066 
38067 
38068 
38069 
38070 
38071 
38072 
37730 
37731 
37732 
37733 
37734 
37735 
37736 
37737 
37738 
37739 
37740 
37741 
37742 
37743 
37744 
37745 
37746 
37747 
37748 
37749 
37750 
37751 
37752 
37753 
37754 
37755 
37756 
37757 
37758 
37759 
37760 
37761 
37762 
37763 
37764 
37765 
37766 
37767 
37768 
37769 
37770 
37771 
37772 
37773 
37774 
37775 
37776 
37777 
37778 
37779 
37780 
37781 
37782 
37783 
37784 
37785 
37786 
37787 
37788 
37789 
37790 
37791 
37792 
37793 
37794 
37795 
37796 
37797 
37798 
37799 
37800 
37801 
37802 
37803 
37804 
37805 
37806 
37807 
37808 
37809 
37810 
37811 
37812 
37813 
37814 
37815 
37816 
37817 
37818 
37819 
37820 
37821 
37822 
37823 
37824 
37825 
37826 
37827 
37828 
37829 
37830 
37831 
37832 
37833 
37834 
37835 
37836 
37837 
37838 
37839 
37840 
37841 
37842 
37843 
37844 
37845 
37846 
37847 
37848 
37849 
37850 
37851 
37852 
37853 
37854 
37855 
37856 
37857 
37858 
37859 
37860 
37861 
37862 
37863 
37864 
37865 
37866 
37867 
37868 
37869 
37870 
37871 
37872 
37873 
37874 
37875 
37876 
37877 
37878 
37879 
37880 
37881 
37882 
37883 
37884 
37885 
37886 
37887 
)

// ************************************************************************* //
